experiment_type,dataset_id,seed,n,m,tree_topology,branch_probability,noise_setting,p_false_positive,p_false_negative,num_observations,simple_hypergraph,estimator,clean_hamming_error,exact_row_recovery,clean_f1,clean_riv_on_estimated_tree,valid_clean_join_tree,estimated_incidence_riv,tree_edge_disagreement,runtime_seconds,tree_estimation_runtime,downstream_dp_runtime,random_tree_replicate,random_control_role,binary_source,binary_incidence_identical,binary_tree_identical,num_iterations,converged,tree_changed,max_iteration_reached,downstream_optimal_tie_fraction,unique_both_row_fraction,unique_both_estimator_hamming,unique_both_oracle_hamming,unique_both_hamming_excess,bootstrap_replicates,evaluated_profile_candidates,initial_profile_objective,final_profile_objective,profile_candidates_per_iteration,oracle_hamming,oracle_exact_row_recovery,downstream_excess,exact_row_difference
a0_75_primary,random-seed-00-R1,0,300,16,random,0.4,symmetric_0.20,0.2,0.2,1,True,TrueTreeOracle,0.1422916666666666,0.2166666666666666,0.6012842965557502,0,True,0,0.0,0.0458254999975906,9.970000246539712e-05,0.0454186999995727,-1,not_random,not_binary,,,,,,,0.6366666666666667,0.3633333333333333,0.1571100917431192,0.1571100917431192,0.0,,,,,,0.1422916666666666,0.2166666666666666,0.0,0.0
a0_75_primary,random-seed-00-R1,0,300,16,random,0.4,symmetric_0.20,0.2,0.2,1,True,DataAgnosticRandomTree,0.1952083333333333,0.0833333333333333,0.4262094304960196,162,False,0,0.9333333333333332,0.0414695000072242,0.0003463000030023,0.0409694999980274,0,primary,not_binary,,,,,,,0.7033333333333334,0.1233333333333333,0.1706081081081081,0.1131756756756756,0.0574324324324324,,,,,,0.1422916666666666,0.2166666666666666,0.052916666666666695,-0.1333333333333333
a0_75_primary,random-seed-00-R1,0,300,16,random,0.4,symmetric_0.20,0.2,0.2,1,True,BinaryMWST,0.1925,0.1033333333333333,0.520746887966805,97,False,0,0.5333333333333333,0.03686779999407,0.0005168999923625,0.0360207000048831,-1,not_random,observed,True,True,,,,,0.5733333333333334,0.22,0.1941287878787878,0.146780303030303,0.0473484848484848,,,,,,0.1422916666666666,0.2166666666666666,0.05020833333333341,-0.11333333333333329
a0_75_primary,random-seed-00-R1,0,300,16,random,0.4,symmetric_0.20,0.2,0.2,1,True,NoiseCorrectedMWST,0.1635416666666666,0.13,0.5485911443358251,97,False,0,0.4666666666666667,0.0459503000020049,0.0014555999950971,0.0443831000011414,-1,not_random,not_binary,,,,,,,0.6433333333333333,0.1666666666666666,0.13875,0.1325,0.00625,,,,,,0.1422916666666666,0.2166666666666666,0.02125000000000002,-0.08666666666666659
a0_75_primary,random-seed-00-R1,0,300,16,random,0.4,symmetric_0.20,0.2,0.2,1,True,BootstrapStabilityMWST,0.15625,0.1533333333333333,0.5619158878504673,71,False,0,0.3333333333333333,0.0670602000027429,0.0369925999984843,0.0299923000129638,-1,not_random,not_binary,,,,,,,0.65,0.2066666666666666,0.1522177419354838,0.15625,-0.0040322580645161,100.0,,,,,0.1422916666666666,0.2166666666666666,0.013958333333333406,-0.0633333333333333
a0_75_primary,random-seed-00-R1,0,300,16,random,0.4,symmetric_0.20,0.2,0.2,1,True,AlternatingTreeIncidenceEstimator,0.1635416666666666,0.13,0.5485911443358251,97,False,0,0.4666666666666667,0.0349006000033114,0.0006692000170005,0.0338897999899927,-1,not_random,not_binary,,,0.0,True,False,False,0.6433333333333333,0.1666666666666666,0.13875,0.1325,0.00625,,,,,,0.1422916666666666,0.2166666666666666,0.02125000000000002,-0.08666666666666659
a0_75_primary,random-seed-01-R1,1,300,16,random,0.4,symmetric_0.20,0.2,0.2,1,True,TrueTreeOracle,0.13,0.2333333333333333,0.6152897657213316,0,True,0,0.0,0.0497674999933224,0.0001787999935913,0.0495164000021759,-1,not_random,not_binary,,,,,,,0.6266666666666667,0.3733333333333333,0.125,0.125,0.0,,,,,,0.13,0.2333333333333333,0.0,0.0
a0_75_primary,random-seed-01-R1,1,300,16,random,0.4,symmetric_0.20,0.2,0.2,1,True,DataAgnosticRandomTree,0.1772916666666666,0.0833333333333333,0.4548366431774504,166,False,0,0.8,0.0453669000125955,0.0002818999928422,0.0449315000005299,0,primary,not_binary,,,,,,,0.6366666666666667,0.17,0.1715686274509804,0.1299019607843137,0.0416666666666666,,,,,,0.13,0.2333333333333333,0.04729166666666659,-0.15000000000000002
a0_75_primary,random-seed-01-R1,1,300,16,random,0.4,symmetric_0.20,0.2,0.2,1,True,BinaryMWST,0.16375,0.1433333333333333,0.5487944890929966,88,False,0,0.4,0.0463399999862303,0.0003451000084169,0.0458196999970823,-1,not_random,observed,True,True,,,,,0.59,0.2166666666666666,0.1461538461538461,0.1086538461538461,0.0375,,,,,,0.13,0.2333333333333333,0.03375,-0.09
a0_75_primary,random-seed-01-R1,1,300,16,random,0.4,symmetric_0.20,0.2,0.2,1,True,NoiseCorrectedMWST,0.161875,0.1366666666666666,0.540508574807806,101,False,0,0.4,0.0353910999983781,0.0007349999941652,0.0344206000008853,-1,not_random,not_binary,,,,,,,0.57,0.2533333333333333,0.1455592105263158,0.115953947368421,0.0296052631578947,,,,,,0.13,0.2333333333333333,0.03187499999999999,-0.0966666666666667
a0_75_primary,random-seed-01-R1,1,300,16,random,0.4,symmetric_0.20,0.2,0.2,1,True,BootstrapStabilityMWST,0.161875,0.1366666666666666,0.540508574807806,101,False,0,0.4,0.1851093000004766,0.137330400000792,0.0477143000025535,-1,not_random,not_binary,,,,,,,0.57,0.2533333333333333,0.1455592105263158,0.115953947368421,0.0296052631578947,100.0,,,,,0.13,0.2333333333333333,0.03187499999999999,-0.0966666666666667
a0_75_primary,random-seed-01-R1,1,300,16,random,0.4,symmetric_0.20,0.2,0.2,1,True,AlternatingTreeIncidenceEstimator,0.161875,0.1366666666666666,0.540508574807806,101,False,0,0.4,0.0451449999964097,0.0006781999982194,0.0441031000082148,-1,not_random,not_binary,,,0.0,True,False,False,0.57,0.2533333333333333,0.1455592105263158,0.115953947368421,0.0296052631578947,,,,,,0.13,0.2333333333333333,0.03187499999999999,-0.0966666666666667
a0_75_primary,random-seed-02-R1,2,300,16,random,0.4,symmetric_0.20,0.2,0.2,1,True,TrueTreeOracle,0.1252083333333333,0.2233333333333333,0.6198608475648324,0,True,0,0.0,0.0334014999971259,9.100000897888094e-05,0.03322169999592,-1,not_random,not_binary,,,,,,,0.5766666666666667,0.4233333333333333,0.124015748031496,0.124015748031496,0.0,,,,,,0.1252083333333333,0.2233333333333333,0.0,0.0
a0_75_primary,random-seed-02-R1,2,300,16,random,0.4,symmetric_0.20,0.2,0.2,1,True,DataAgnosticRandomTree,0.1779166666666666,0.06,0.4344370860927152,168,False,0,0.9333333333333332,0.0569572999957017,0.0002186000056099,0.0565226000035181,0,primary,not_binary,,,,,,,0.6966666666666667,0.1333333333333333,0.1765625,0.115625,0.0609375,,,,,,0.1252083333333333,0.2233333333333333,0.0527083333333333,-0.1633333333333333
a0_75_primary,random-seed-02-R1,2,300,16,random,0.4,symmetric_0.20,0.2,0.2,1,True,BinaryMWST,0.1575,0.12,0.5619930475086906,64,False,0,0.4,0.0554316000052494,0.0003794000076595,0.0548262999946018,-1,not_random,observed,True,True,,,,,0.58,0.2333333333333333,0.1419642857142857,0.1303571428571428,0.0116071428571428,,,,,,0.1252083333333333,0.2233333333333333,0.03229166666666669,-0.1033333333333333
a0_75_primary,random-seed-02-R1,2,300,16,random,0.4,symmetric_0.20,0.2,0.2,1,True,NoiseCorrectedMWST,0.1454166666666666,0.14,0.576969696969697,49,False,0,0.2666666666666667,0.0526644999918062,0.0008276000007754,0.0516653999948175,-1,not_random,not_binary,,,,,,,0.5366666666666666,0.3033333333333333,0.143543956043956,0.1270604395604395,0.0164835164835164,,,,,,0.1252083333333333,0.2233333333333333,0.0202083333333333,-0.08333333333333329
a0_75_primary,random-seed-02-R1,2,300,16,random,0.4,symmetric_0.20,0.2,0.2,1,True,BootstrapStabilityMWST,0.1454166666666666,0.14,0.576969696969697,49,False,0,0.2666666666666667,0.0850767999945674,0.0391783000086434,0.0457372999953804,-1,not_random,not_binary,,,,,,,0.5366666666666666,0.3033333333333333,0.143543956043956,0.1270604395604395,0.0164835164835164,100.0,,,,,0.1252083333333333,0.2233333333333333,0.0202083333333333,-0.08333333333333329
a0_75_primary,random-seed-02-R1,2,300,16,random,0.4,symmetric_0.20,0.2,0.2,1,True,AlternatingTreeIncidenceEstimator,0.1454166666666666,0.14,0.576969696969697,49,False,0,0.2666666666666667,0.0602499000087846,0.0009957999864127,0.0583474000013666,-1,not_random,not_binary,,,0.0,True,False,False,0.5366666666666666,0.3033333333333333,0.143543956043956,0.1270604395604395,0.0164835164835164,,,,,,0.1252083333333333,0.2233333333333333,0.0202083333333333,-0.08333333333333329
a0_75_primary,random-seed-03-R1,3,300,16,random,0.4,symmetric_0.20,0.2,0.2,1,True,TrueTreeOracle,0.138125,0.1933333333333333,0.6027561414020371,0,True,0,0.0,0.0473673999949824,0.0001443000073777,0.0471016999945277,-1,not_random,not_binary,,,,,,,0.61,0.39,0.125534188034188,0.125534188034188,0.0,,,,,,0.138125,0.1933333333333333,0.0,0.0
a0_75_primary,random-seed-03-R1,3,300,16,random,0.4,symmetric_0.20,0.2,0.2,1,True,DataAgnosticRandomTree,0.185625,0.06,0.448297213622291,166,False,0,0.7333333333333334,0.053434700006619,0.0004672000068239,0.0528527000133181,0,primary,not_binary,,,,,,,0.6166666666666667,0.18,0.1712962962962963,0.1145833333333333,0.0567129629629629,,,,,,0.138125,0.1933333333333333,0.047500000000000014,-0.1333333333333333
a0_75_primary,random-seed-03-R1,3,300,16,random,0.4,symmetric_0.20,0.2,0.2,1,True,BinaryMWST,0.189375,0.09,0.5167464114832535,116,False,0,0.5333333333333333,0.0605134999932488,0.0006289000011747,0.059723300000769,-1,not_random,observed,True,True,,,,,0.5333333333333333,0.2466666666666666,0.1773648648648648,0.1258445945945946,0.0515202702702702,,,,,,0.138125,0.1933333333333333,0.05124999999999999,-0.1033333333333333
a0_75_primary,random-seed-03-R1,3,300,16,random,0.4,symmetric_0.20,0.2,0.2,1,True,NoiseCorrectedMWST,0.1735416666666666,0.1166666666666666,0.5405405405405406,92,False,0,0.4,0.0409379999910015,0.0004385000065667,0.0404260999930556,-1,not_random,not_binary,,,,,,,0.57,0.24,0.1571180555555555,0.1241319444444444,0.0329861111111111,,,,,,0.138125,0.1933333333333333,0.035416666666666596,-0.0766666666666667
a0_75_primary,random-seed-03-R1,3,300,16,random,0.4,symmetric_0.20,0.2,0.2,1,True,BootstrapStabilityMWST,0.1683333333333333,0.1133333333333333,0.5465768799102133,92,False,0,0.4,0.0864228999998886,0.0387272999942069,0.0476179999968735,-1,not_random,not_binary,,,,,,,0.6,0.2366666666666666,0.1496478873239436,0.1241197183098591,0.0255281690140845,100.0,,,,,0.138125,0.1933333333333333,0.03020833333333331,-0.08
a0_75_primary,random-seed-03-R1,3,300,16,random,0.4,symmetric_0.20,0.2,0.2,1,True,AlternatingTreeIncidenceEstimator,0.1735416666666666,0.1166666666666666,0.5405405405405406,92,False,0,0.4,0.0446683999907691,0.0007005999941611,0.0435591999994358,-1,not_random,not_binary,,,0.0,True,False,False,0.57,0.24,0.1571180555555555,0.1241319444444444,0.0329861111111111,,,,,,0.138125,0.1933333333333333,0.035416666666666596,-0.0766666666666667
a0_75_primary,random-seed-04-R1,4,300,16,random,0.4,symmetric_0.20,0.2,0.2,1,True,TrueTreeOracle,0.145625,0.1866666666666666,0.6219578150351542,0,True,0,0.0,0.0513699000002816,0.0001093000028049,0.0510437000048114,-1,not_random,not_binary,,,,,,,0.64,0.36,0.1504629629629629,0.1504629629629629,0.0,,,,,,0.145625,0.1866666666666666,0.0,0.0
a0_75_primary,random-seed-04-R1,4,300,16,random,0.4,symmetric_0.20,0.2,0.2,1,True,DataAgnosticRandomTree,0.19375,0.0466666666666666,0.4673539518900343,162,False,0,0.8666666666666667,0.0604325999884167,0.0008472999907098,0.0593782999931136,0,primary,not_binary,,,,,,,0.6533333333333333,0.1466666666666666,0.1647727272727272,0.1548295454545454,0.0099431818181818,,,,,,0.145625,0.1866666666666666,0.048125,-0.13999999999999999
a0_75_primary,random-seed-04-R1,4,300,16,random,0.4,symmetric_0.20,0.2,0.2,1,True,BinaryMWST,0.1902083333333333,0.08,0.5517918507609229,80,False,0,0.4,0.0575622999895131,0.0004200999974273,0.0569189999951049,-1,not_random,observed,True,True,,,,,0.62,0.21,0.183531746031746,0.1359126984126984,0.0476190476190476,,,,,,0.145625,0.1866666666666666,0.04458333333333331,-0.10666666666666659
a0_75_primary,random-seed-04-R1,4,300,16,random,0.4,symmetric_0.20,0.2,0.2,1,True,NoiseCorrectedMWST,0.175625,0.0933333333333333,0.5634386328327292,86,False,0,0.3333333333333333,0.0612096999975619,0.0010444999934406,0.059966799992253,-1,not_random,not_binary,,,,,,,0.6166666666666667,0.2133333333333333,0.16015625,0.13671875,0.0234375,,,,,,0.145625,0.1866666666666666,0.03,-0.0933333333333333
a0_75_primary,random-seed-04-R1,4,300,16,random,0.4,symmetric_0.20,0.2,0.2,1,True,BootstrapStabilityMWST,0.173125,0.09,0.5411374930977361,103,False,0,0.4666666666666667,0.113858100012294,0.0530985000077635,0.0605203000013716,-1,not_random,not_binary,,,,,,,0.58,0.2166666666666666,0.1625,0.1269230769230769,0.035576923076923,100.0,,,,,0.145625,0.1866666666666666,0.027499999999999997,-0.0966666666666666
a0_75_primary,random-seed-04-R1,4,300,16,random,0.4,symmetric_0.20,0.2,0.2,1,True,AlternatingTreeIncidenceEstimator,0.175625,0.0933333333333333,0.5634386328327292,86,False,0,0.3333333333333333,0.0527998000034131,0.0017218000139109,0.0505679000052623,-1,not_random,not_binary,,,0.0,True,False,False,0.6166666666666667,0.2133333333333333,0.16015625,0.13671875,0.0234375,,,,,,0.145625,0.1866666666666666,0.03,-0.0933333333333333
a0_75_primary,random-seed-05-R1,5,300,16,random,0.4,symmetric_0.20,0.2,0.2,1,True,TrueTreeOracle,0.14,0.21,0.5927272727272727,0,True,0,0.0,0.0620576000073924,0.0002182000025641,0.0616710000031162,-1,not_random,not_binary,,,,,,,0.5566666666666666,0.4433333333333333,0.1245300751879699,0.1245300751879699,0.0,,,,,,0.14,0.21,0.0,0.0
a0_75_primary,random-seed-05-R1,5,300,16,random,0.4,symmetric_0.20,0.2,0.2,1,True,DataAgnosticRandomTree,0.21,0.0566666666666666,0.4568965517241379,169,False,0,0.9333333333333332,0.0560774999903515,0.0008108000038191,0.0551122999895596,0,primary,not_binary,,,,,,,0.65,0.1566666666666666,0.2273936170212765,0.1143617021276595,0.113031914893617,,,,,,0.14,0.21,0.06999999999999998,-0.15333333333333338
a0_75_primary,random-seed-05-R1,5,300,16,random,0.4,symmetric_0.20,0.2,0.2,1,True,BinaryMWST,0.185,0.1333333333333333,0.5261472785485592,73,False,0,0.3333333333333333,0.0485659999976633,0.0008607999916421,0.0475581000064266,-1,not_random,observed,True,True,,,,,0.6,0.2366666666666666,0.1751760563380281,0.1126760563380281,0.0625,,,,,,0.14,0.21,0.044999999999999984,-0.07666666666666669
a0_75_primary,random-seed-05-R1,5,300,16,random,0.4,symmetric_0.20,0.2,0.2,1,True,NoiseCorrectedMWST,0.1410416666666666,0.2,0.593881223755249,33,False,0,0.1999999999999999,0.0404819999967003,0.0004718000127468,0.0399343000026419,-1,not_random,not_binary,,,,,,,0.5566666666666666,0.3366666666666666,0.1231435643564356,0.120049504950495,0.0030940594059405,,,,,,0.14,0.21,0.0010416666666665797,-0.009999999999999981
a0_75_primary,random-seed-05-R1,5,300,16,random,0.4,symmetric_0.20,0.2,0.2,1,True,BootstrapStabilityMWST,0.1410416666666666,0.2,0.593881223755249,33,False,0,0.1999999999999999,0.0820473999920068,0.0424140999966766,0.0395630999992135,-1,not_random,not_binary,,,,,,,0.5566666666666666,0.3366666666666666,0.1231435643564356,0.120049504950495,0.0030940594059405,100.0,,,,,0.14,0.21,0.0010416666666665797,-0.009999999999999981
a0_75_primary,random-seed-05-R1,5,300,16,random,0.4,symmetric_0.20,0.2,0.2,1,True,AlternatingTreeIncidenceEstimator,0.1410416666666666,0.2,0.593881223755249,33,False,0,0.1999999999999999,0.0438855999964289,0.0008004999835975,0.0425979999999981,-1,not_random,not_binary,,,0.0,True,False,False,0.5566666666666666,0.3366666666666666,0.1231435643564356,0.120049504950495,0.0030940594059405,,,,,,0.14,0.21,0.0010416666666665797,-0.009999999999999981
a0_75_primary,random-seed-06-R1,6,300,16,random,0.4,symmetric_0.20,0.2,0.2,1,True,TrueTreeOracle,0.13,0.24,0.6157635467980297,0,True,0,0.0,0.0572052000061376,0.0001421000051777,0.056949000005261,-1,not_random,not_binary,,,,,,,0.59,0.41,0.133130081300813,0.133130081300813,0.0,,,,,,0.13,0.24,0.0,0.0
a0_75_primary,random-seed-06-R1,6,300,16,random,0.4,symmetric_0.20,0.2,0.2,1,True,DataAgnosticRandomTree,0.22375,0.0833333333333333,0.4514811031664964,169,False,0,0.8666666666666667,0.0512754999945173,0.0003350000042701,0.0508708999986993,0,primary,not_binary,,,,,,,0.5866666666666667,0.2066666666666666,0.2127016129032258,0.1098790322580645,0.1028225806451613,,,,,,0.13,0.24,0.09375,-0.15666666666666668
a0_75_primary,random-seed-06-R1,6,300,16,random,0.4,symmetric_0.20,0.2,0.2,1,True,BinaryMWST,0.1641666666666666,0.1333333333333333,0.5481651376146789,108,False,0,0.4,0.0323032000014791,0.0003659999929368,0.0317638999986229,-1,not_random,observed,True,True,,,,,0.6266666666666667,0.1933333333333333,0.1379310344827586,0.1314655172413793,0.0064655172413793,,,,,,0.13,0.24,0.034166666666666595,-0.10666666666666669
a0_75_primary,random-seed-06-R1,6,300,16,random,0.4,symmetric_0.20,0.2,0.2,1,True,NoiseCorrectedMWST,0.1541666666666666,0.1566666666666666,0.561611374407583,95,False,0,0.3333333333333333,0.0428178000001935,0.0002872000040952,0.0424262000015005,-1,not_random,not_binary,,,,,,,0.6033333333333334,0.24,0.1180555555555555,0.1154513888888889,0.0026041666666666,,,,,,0.13,0.24,0.024166666666666586,-0.0833333333333334
a0_75_primary,random-seed-06-R1,6,300,16,random,0.4,symmetric_0.20,0.2,0.2,1,True,BootstrapStabilityMWST,0.1541666666666666,0.1566666666666666,0.561611374407583,95,False,0,0.3333333333333333,0.0820880000101169,0.0413151000102516,0.0406953000056091,-1,not_random,not_binary,,,,,,,0.6033333333333334,0.24,0.1180555555555555,0.1154513888888889,0.0026041666666666,100.0,,,,,0.13,0.24,0.024166666666666586,-0.0833333333333334
a0_75_primary,random-seed-06-R1,6,300,16,random,0.4,symmetric_0.20,0.2,0.2,1,True,AlternatingTreeIncidenceEstimator,0.1541666666666666,0.1566666666666666,0.561611374407583,95,False,0,0.3333333333333333,0.0442191000038292,0.000791400016169,0.0429757999954745,-1,not_random,not_binary,,,0.0,True,False,False,0.6033333333333334,0.24,0.1180555555555555,0.1154513888888889,0.0026041666666666,,,,,,0.13,0.24,0.024166666666666586,-0.0833333333333334
a0_75_primary,random-seed-07-R1,7,300,16,random,0.4,symmetric_0.20,0.2,0.2,1,True,TrueTreeOracle,0.1304166666666666,0.2066666666666666,0.6135802469135803,0,True,0,0.0,0.0447781000111717,8.320000779349357e-05,0.0445480999915162,-1,not_random,not_binary,,,,,,,0.5633333333333334,0.4366666666666666,0.1259541984732824,0.1259541984732824,0.0,,,,,,0.1304166666666666,0.2066666666666666,0.0,0.0
a0_75_primary,random-seed-07-R1,7,300,16,random,0.4,symmetric_0.20,0.2,0.2,1,True,DataAgnosticRandomTree,0.1872916666666666,0.06,0.4607078584283143,159,False,0,0.8,0.0622561000054702,0.0003199000057065,0.0616948999959277,0,primary,not_binary,,,,,,,0.6266666666666667,0.1966666666666666,0.1875,0.1197033898305084,0.0677966101694915,,,,,,0.1304166666666666,0.2066666666666666,0.05687500000000001,-0.1466666666666666
a0_75_primary,random-seed-07-R1,7,300,16,random,0.4,symmetric_0.20,0.2,0.2,1,True,BinaryMWST,0.1802083333333333,0.0766666666666666,0.5386666666666667,90,False,0,0.4666666666666667,0.0473875000025145,0.0002873000048566,0.0469877999857999,-1,not_random,observed,True,True,,,,,0.6033333333333334,0.2233333333333333,0.167910447761194,0.1324626865671641,0.0354477611940298,,,,,,0.1304166666666666,0.2066666666666666,0.049791666666666706,-0.13
a0_75_primary,random-seed-07-R1,7,300,16,random,0.4,symmetric_0.20,0.2,0.2,1,True,NoiseCorrectedMWST,0.15125,0.11,0.5693950177935942,77,False,0,0.2666666666666667,0.0419911000062711,0.000552500001504,0.0413295999896945,-1,not_random,not_binary,,,,,,,0.5233333333333333,0.3433333333333333,0.1432038834951456,0.125,0.0182038834951456,,,,,,0.1304166666666666,0.2066666666666666,0.020833333333333398,-0.09666666666666661
a0_75_primary,random-seed-07-R1,7,300,16,random,0.4,symmetric_0.20,0.2,0.2,1,True,BootstrapStabilityMWST,0.145625,0.1066666666666666,0.5724770642201834,82,False,0,0.2666666666666667,0.085966600003303,0.0432962999911978,0.0425644999922951,-1,not_random,not_binary,,,,,,,0.5333333333333333,0.3333333333333333,0.1325,0.11875,0.01375,100.0,,,,,0.1304166666666666,0.2066666666666666,0.015208333333333407,-0.1
a0_75_primary,random-seed-07-R1,7,300,16,random,0.4,symmetric_0.20,0.2,0.2,1,True,AlternatingTreeIncidenceEstimator,0.15125,0.11,0.5693950177935942,77,False,0,0.2666666666666667,0.0582082000037189,0.0023337999882642,0.0552928000106476,-1,not_random,not_binary,,,0.0,True,False,False,0.5233333333333333,0.3433333333333333,0.1432038834951456,0.125,0.0182038834951456,,,,,,0.1304166666666666,0.2066666666666666,0.020833333333333398,-0.09666666666666661
a0_75_primary,random-seed-08-R1,8,300,16,random,0.4,symmetric_0.20,0.2,0.2,1,True,TrueTreeOracle,0.1491666666666666,0.1866666666666666,0.6035437430786268,0,True,0,0.0,0.0622049000085098,0.0001373999984934,0.0618668000097386,-1,not_random,not_binary,,,,,,,0.5133333333333333,0.4866666666666667,0.1588184931506849,0.1588184931506849,0.0,,,,,,0.1491666666666666,0.1866666666666666,0.0,0.0
a0_75_primary,random-seed-08-R1,8,300,16,random,0.4,symmetric_0.20,0.2,0.2,1,True,DataAgnosticRandomTree,0.2054166666666666,0.0466666666666666,0.4274099883855981,180,False,0,0.9333333333333332,0.0434876999934203,0.0002323999942746,0.0431860999960918,0,primary,not_binary,,,,,,,0.6833333333333333,0.1733333333333333,0.2307692307692307,0.1514423076923076,0.079326923076923,,,,,,0.1491666666666666,0.1866666666666666,0.05625000000000002,-0.13999999999999999
a0_75_primary,random-seed-08-R1,8,300,16,random,0.4,symmetric_0.20,0.2,0.2,1,True,BinaryMWST,0.1845833333333333,0.0966666666666666,0.5451745379876797,94,False,0,0.5333333333333333,0.0480155999975977,0.0007955000037327,0.0471511000068858,-1,not_random,observed,True,True,,,,,0.5933333333333334,0.2333333333333333,0.2151785714285714,0.1535714285714285,0.0616071428571428,,,,,,0.1491666666666666,0.1866666666666666,0.03541666666666671,-0.09
a0_75_primary,random-seed-08-R1,8,300,16,random,0.4,symmetric_0.20,0.2,0.2,1,True,NoiseCorrectedMWST,0.1675,0.1166666666666666,0.5503355704697985,86,False,0,0.4666666666666667,0.0432654000032926,0.0002672999980859,0.0429223000101046,-1,not_random,not_binary,,,,,,,0.57,0.2766666666666666,0.1521084337349397,0.1415662650602409,0.0105421686746987,,,,,,0.1491666666666666,0.1866666666666666,0.018333333333333424,-0.06999999999999999
a0_75_primary,random-seed-08-R1,8,300,16,random,0.4,symmetric_0.20,0.2,0.2,1,True,BootstrapStabilityMWST,0.1608333333333333,0.12,0.5532407407407407,99,False,0,0.4666666666666667,0.0923890999983996,0.03599600000598,0.0563175999996019,-1,not_random,not_binary,,,,,,,0.5233333333333333,0.2666666666666666,0.1546875,0.13671875,0.01796875,100.0,,,,,0.1491666666666666,0.1866666666666666,0.011666666666666714,-0.0666666666666666
a0_75_primary,random-seed-08-R1,8,300,16,random,0.4,symmetric_0.20,0.2,0.2,1,True,AlternatingTreeIncidenceEstimator,0.1675,0.1166666666666666,0.5503355704697985,86,False,0,0.4666666666666667,0.0473239999992074,0.0008440999954473,0.0460968999977922,-1,not_random,not_binary,,,0.0,True,False,False,0.57,0.2766666666666666,0.1521084337349397,0.1415662650602409,0.0105421686746987,,,,,,0.1491666666666666,0.1866666666666666,0.018333333333333424,-0.06999999999999999
a0_75_primary,random-seed-09-R1,9,300,16,random,0.4,symmetric_0.20,0.2,0.2,1,True,TrueTreeOracle,0.149375,0.1633333333333333,0.5729600952948184,0,True,0,0.0,0.0599457999924197,0.0001520999940112,0.0597199000039836,-1,not_random,not_binary,,,,,,,0.58,0.42,0.1517857142857142,0.1517857142857142,0.0,,,,,,0.149375,0.1633333333333333,0.0,0.0
a0_75_primary,random-seed-09-R1,9,300,16,random,0.4,symmetric_0.20,0.2,0.2,1,True,DataAgnosticRandomTree,0.193125,0.06,0.4445775913720791,152,False,0,0.7333333333333334,0.0582821999996667,0.000248799988185,0.0579296000069007,0,primary,not_binary,,,,,,,0.6833333333333333,0.1266666666666666,0.2039473684210526,0.1595394736842105,0.0444078947368421,,,,,,0.149375,0.1633333333333333,0.04374999999999998,-0.1033333333333333
a0_75_primary,random-seed-09-R1,9,300,16,random,0.4,symmetric_0.20,0.2,0.2,1,True,BinaryMWST,0.1810416666666666,0.0766666666666666,0.5201546107123136,61,False,0,0.2666666666666667,0.0530104000063147,0.000346900007571,0.052568599989172,-1,not_random,observed,True,True,,,,,0.62,0.2466666666666666,0.1951013513513513,0.1680743243243243,0.027027027027027,,,,,,0.149375,0.1633333333333333,0.03166666666666659,-0.0866666666666667
a0_75_primary,random-seed-09-R1,9,300,16,random,0.4,symmetric_0.20,0.2,0.2,1,True,NoiseCorrectedMWST,0.1764583333333333,0.0833333333333333,0.5072716695753344,87,False,0,0.3333333333333333,0.0446422000095481,0.0004965999978594,0.0440349999989848,-1,not_random,not_binary,,,,,,,0.62,0.2233333333333333,0.1763059701492537,0.1576492537313432,0.0186567164179104,,,,,,0.149375,0.1633333333333333,0.027083333333333293,-0.08
a0_75_primary,random-seed-09-R1,9,300,16,random,0.4,symmetric_0.20,0.2,0.2,1,True,BootstrapStabilityMWST,0.1683333333333333,0.0833333333333333,0.5108958837772397,103,False,0,0.4,0.0810219999984838,0.0383588999975472,0.042589599994244,-1,not_random,not_binary,,,,,,,0.5966666666666667,0.2233333333333333,0.1613805970149253,0.1492537313432835,0.0121268656716417,100.0,,,,,0.149375,0.1633333333333333,0.0189583333333333,-0.08
a0_75_primary,random-seed-09-R1,9,300,16,random,0.4,symmetric_0.20,0.2,0.2,1,True,AlternatingTreeIncidenceEstimator,0.1764583333333333,0.0833333333333333,0.5072716695753344,87,False,0,0.3333333333333333,0.0495532999921124,0.0009604000078979,0.0475620999932289,-1,not_random,not_binary,,,0.0,True,False,False,0.62,0.2233333333333333,0.1763059701492537,0.1576492537313432,0.0186567164179104,,,,,,0.149375,0.1633333333333333,0.027083333333333293,-0.08
a0_75_primary,random-seed-10-R1,10,300,16,random,0.4,symmetric_0.20,0.2,0.2,1,True,TrueTreeOracle,0.1270833333333333,0.2433333333333333,0.6173149309912171,0,True,0,0.0,0.0542901999870082,9.480000881012528e-05,0.0540504999953554,-1,not_random,not_binary,,,,,,,0.6066666666666667,0.3933333333333333,0.1122881355932203,0.1122881355932203,0.0,,,,,,0.1270833333333333,0.2433333333333333,0.0,0.0
a0_75_primary,random-seed-10-R1,10,300,16,random,0.4,symmetric_0.20,0.2,0.2,1,True,DataAgnosticRandomTree,0.1845833333333333,0.0533333333333333,0.4216710182767624,181,False,0,1.0,0.0590700000029755,0.0007342999888351,0.0581634999980451,0,primary,not_binary,,,,,,,0.6066666666666667,0.14,0.1800595238095238,0.1011904761904761,0.0788690476190476,,,,,,0.1270833333333333,0.2433333333333333,0.057499999999999996,-0.19
a0_75_primary,random-seed-10-R1,10,300,16,random,0.4,symmetric_0.20,0.2,0.2,1,True,BinaryMWST,0.1820833333333333,0.1233333333333333,0.5285868392664509,76,False,0,0.4,0.0598258999962126,0.0006234000029508,0.0589328000060049,-1,not_random,observed,True,True,,,,,0.5133333333333333,0.2433333333333333,0.1566780821917808,0.1087328767123287,0.047945205479452,,,,,,0.1270833333333333,0.2433333333333333,0.05499999999999999,-0.12
a0_75_primary,random-seed-10-R1,10,300,16,random,0.4,symmetric_0.20,0.2,0.2,1,True,NoiseCorrectedMWST,0.1525,0.1633333333333333,0.5558252427184466,84,False,0,0.3333333333333333,0.0533878000132972,0.0011807999981101,0.051955100003397,-1,not_random,not_binary,,,,,,,0.5766666666666667,0.2533333333333333,0.1348684210526315,0.1167763157894736,0.0180921052631578,,,,,,0.1270833333333333,0.2433333333333333,0.0254166666666667,-0.07999999999999999
a0_75_primary,random-seed-10-R1,10,300,16,random,0.4,symmetric_0.20,0.2,0.2,1,True,BootstrapStabilityMWST,0.1602083333333333,0.1433333333333333,0.5325227963525836,80,False,0,0.3333333333333333,0.1158615000022109,0.0574440000054892,0.0581660000025294,-1,not_random,not_binary,,,,,,,0.5333333333333333,0.2533333333333333,0.1587171052631578,0.1143092105263157,0.0444078947368421,100.0,,,,,0.1270833333333333,0.2433333333333333,0.033125000000000016,-0.09999999999999998
a0_75_primary,random-seed-10-R1,10,300,16,random,0.4,symmetric_0.20,0.2,0.2,1,True,AlternatingTreeIncidenceEstimator,0.1525,0.1633333333333333,0.5558252427184466,84,False,0,0.3333333333333333,0.0495904999988852,0.0017318000027444,0.0471868000022368,-1,not_random,not_binary,,,0.0,True,False,False,0.5766666666666667,0.2533333333333333,0.1348684210526315,0.1167763157894736,0.0180921052631578,,,,,,0.1270833333333333,0.2433333333333333,0.0254166666666667,-0.07999999999999999
a0_75_primary,random-seed-11-R1,11,300,16,random,0.4,symmetric_0.20,0.2,0.2,1,True,TrueTreeOracle,0.153125,0.1733333333333333,0.6067415730337079,0,True,0,0.0,0.0530473999970126,0.0001889999984996,0.0527554000000236,-1,not_random,not_binary,,,,,,,0.59,0.41,0.1626016260162601,0.1626016260162601,0.0,,,,,,0.153125,0.1733333333333333,0.0,0.0
a0_75_primary,random-seed-11-R1,11,300,16,random,0.4,symmetric_0.20,0.2,0.2,1,True,DataAgnosticRandomTree,0.1960416666666666,0.0866666666666666,0.4368641532016756,148,False,0,0.6666666666666667,0.0579443000024184,0.0006095999997342,0.0572074999945471,0,primary,not_binary,,,,,,,0.65,0.17,0.2095588235294117,0.1458333333333333,0.0637254901960784,,,,,,0.153125,0.1733333333333333,0.042916666666666575,-0.08666666666666671
a0_75_primary,random-seed-11-R1,11,300,16,random,0.4,symmetric_0.20,0.2,0.2,1,True,BinaryMWST,0.19125,0.1333333333333333,0.5565217391304348,39,False,0,0.2666666666666667,0.0416065999888815,0.0003797000099439,0.0411521999922115,-1,not_random,observed,True,True,,,,,0.6133333333333333,0.23,0.1648550724637681,0.1476449275362318,0.0172101449275362,,,,,,0.153125,0.1733333333333333,0.03812499999999999,-0.04000000000000001
a0_75_primary,random-seed-11-R1,11,300,16,random,0.4,symmetric_0.20,0.2,0.2,1,True,NoiseCorrectedMWST,0.1685416666666666,0.1266666666666666,0.5721840296139609,37,False,0,0.1333333333333333,0.0580537999921944,0.0008404999971389,0.0569632999977329,-1,not_random,not_binary,,,,,,,0.5866666666666667,0.3133333333333333,0.15625,0.1502659574468085,0.0059840425531914,,,,,,0.153125,0.1733333333333333,0.015416666666666579,-0.04666666666666672
a0_75_primary,random-seed-11-R1,11,300,16,random,0.4,symmetric_0.20,0.2,0.2,1,True,BootstrapStabilityMWST,0.1564583333333333,0.16,0.5981808453718566,19,False,0,0.0666666666666666,0.1078220999916084,0.056078299996443,0.0515569999988656,-1,not_random,not_binary,,,,,,,0.5966666666666667,0.3733333333333333,0.1573660714285714,0.1573660714285714,0.0,100.0,,,,,0.153125,0.1733333333333333,0.0033333333333332993,-0.013333333333333308
a0_75_primary,random-seed-11-R1,11,300,16,random,0.4,symmetric_0.20,0.2,0.2,1,True,AlternatingTreeIncidenceEstimator,0.1685416666666666,0.1266666666666666,0.5721840296139609,37,False,0,0.1333333333333333,0.0604142999945906,0.002044199994998,0.0577243000007001,-1,not_random,not_binary,,,0.0,True,False,False,0.5866666666666667,0.3133333333333333,0.15625,0.1502659574468085,0.0059840425531914,,,,,,0.153125,0.1733333333333333,0.015416666666666579,-0.04666666666666672
a0_75_primary,random-seed-12-R1,12,300,16,random,0.4,symmetric_0.20,0.2,0.2,1,True,TrueTreeOracle,0.135625,0.2033333333333333,0.5845564773452457,0,True,0,0.0,0.031088700008695,9.479999425821006e-05,0.030912400005036,-1,not_random,not_binary,,,,,,,0.57,0.43,0.1327519379844961,0.1327519379844961,0.0,,,,,,0.135625,0.2033333333333333,0.0,0.0
a0_75_primary,random-seed-12-R1,12,300,16,random,0.4,symmetric_0.20,0.2,0.2,1,True,DataAgnosticRandomTree,0.183125,0.07,0.4056795131845842,171,False,0,0.8666666666666667,0.0321050999918952,0.0002914999931817,0.031748499997775,0,primary,not_binary,,,,,,,0.6266666666666667,0.2033333333333333,0.1670081967213114,0.1352459016393442,0.0317622950819672,,,,,,0.135625,0.2033333333333333,0.047500000000000014,-0.1333333333333333
a0_75_primary,random-seed-12-R1,12,300,16,random,0.4,symmetric_0.20,0.2,0.2,1,True,BinaryMWST,0.1529166666666666,0.14,0.5440993788819876,73,False,0,0.4,0.0389583000069251,0.0005215999990468,0.0383601000066846,-1,not_random,observed,True,True,,,,,0.5366666666666666,0.27,0.1134259259259259,0.1111111111111111,0.0023148148148148,,,,,,0.135625,0.2033333333333333,0.017291666666666594,-0.0633333333333333
a0_75_primary,random-seed-12-R1,12,300,16,random,0.4,symmetric_0.20,0.2,0.2,1,True,NoiseCorrectedMWST,0.136875,0.1566666666666666,0.5774919614147909,47,False,0,0.1999999999999999,0.0592900000046938,0.0004594999918481,0.0587133000080939,-1,not_random,not_binary,,,,,,,0.54,0.3233333333333333,0.1088917525773195,0.1076030927835051,0.0012886597938144,,,,,,0.135625,0.2033333333333333,0.0012500000000000011,-0.04666666666666672
a0_75_primary,random-seed-12-R1,12,300,16,random,0.4,symmetric_0.20,0.2,0.2,1,True,BootstrapStabilityMWST,0.136875,0.1566666666666666,0.5774919614147909,47,False,0,0.1999999999999999,0.069482799997786,0.03051989999949,0.0388939999975264,-1,not_random,not_binary,,,,,,,0.54,0.3233333333333333,0.1088917525773195,0.1076030927835051,0.0012886597938144,100.0,,,,,0.135625,0.2033333333333333,0.0012500000000000011,-0.04666666666666672
a0_75_primary,random-seed-12-R1,12,300,16,random,0.4,symmetric_0.20,0.2,0.2,1,True,AlternatingTreeIncidenceEstimator,0.136875,0.1566666666666666,0.5774919614147909,47,False,0,0.1999999999999999,0.0358732999884523,0.0007223999855341,0.0347821999894222,-1,not_random,not_binary,,,0.0,True,False,False,0.54,0.3233333333333333,0.1088917525773195,0.1076030927835051,0.0012886597938144,,,,,,0.135625,0.2033333333333333,0.0012500000000000011,-0.04666666666666672
a0_75_primary,random-seed-13-R1,13,300,16,random,0.4,symmetric_0.20,0.2,0.2,1,True,TrueTreeOracle,0.1558333333333333,0.1666666666666666,0.5552913198573127,0,True,0,0.0,0.0446674999984679,8.359999628737569e-05,0.0443527000024914,-1,not_random,not_binary,,,,,,,0.59,0.41,0.1697154471544715,0.1697154471544715,0.0,,,,,,0.1558333333333333,0.1666666666666666,0.0,0.0
a0_75_primary,random-seed-13-R1,13,300,16,random,0.4,symmetric_0.20,0.2,0.2,1,True,DataAgnosticRandomTree,0.1979166666666666,0.06,0.4193154034229829,166,False,0,0.8666666666666667,0.0449508000019704,0.0003681999951368,0.0445020999904954,0,primary,not_binary,,,,,,,0.6233333333333333,0.1966666666666666,0.1970338983050847,0.1694915254237288,0.0275423728813559,,,,,,0.1558333333333333,0.1666666666666666,0.042083333333333306,-0.1066666666666666
a0_75_primary,random-seed-13-R1,13,300,16,random,0.4,symmetric_0.20,0.2,0.2,1,True,BinaryMWST,0.1872916666666666,0.0666666666666666,0.5052283984589984,119,False,0,0.6,0.0423736999946413,0.0003856999974232,0.0416385999997146,-1,not_random,observed,True,True,,,,,0.63,0.2,0.1822916666666666,0.153125,0.0291666666666666,,,,,,0.1558333333333333,0.1666666666666666,0.03145833333333331,-0.1
a0_75_primary,random-seed-13-R1,13,300,16,random,0.4,symmetric_0.20,0.2,0.2,1,True,NoiseCorrectedMWST,0.1695833333333333,0.09,0.5143198090692125,108,False,0,0.6,0.0457699999969918,0.000553799996851,0.045144399991841,-1,not_random,not_binary,,,,,,,0.5533333333333333,0.2133333333333333,0.15625,0.1513671875,0.0048828125,,,,,,0.1558333333333333,0.1666666666666666,0.013750000000000012,-0.0766666666666666
a0_75_primary,random-seed-13-R1,13,300,16,random,0.4,symmetric_0.20,0.2,0.2,1,True,BootstrapStabilityMWST,0.1695833333333333,0.09,0.5143198090692125,108,False,0,0.6,0.1221611999935703,0.0584983000007923,0.0635555000044405,-1,not_random,not_binary,,,,,,,0.5533333333333333,0.2133333333333333,0.15625,0.1513671875,0.0048828125,100.0,,,,,0.1558333333333333,0.1666666666666666,0.013750000000000012,-0.0766666666666666
a0_75_primary,random-seed-13-R1,13,300,16,random,0.4,symmetric_0.20,0.2,0.2,1,True,AlternatingTreeIncidenceEstimator,0.1695833333333333,0.09,0.5143198090692125,108,False,0,0.6,0.0611891000007744,0.0013176999927964,0.0593381000071531,-1,not_random,not_binary,,,0.0,True,False,False,0.5533333333333333,0.2133333333333333,0.15625,0.1513671875,0.0048828125,,,,,,0.1558333333333333,0.1666666666666666,0.013750000000000012,-0.0766666666666666
a0_75_primary,random-seed-14-R1,14,300,16,random,0.4,symmetric_0.20,0.2,0.2,1,True,TrueTreeOracle,0.1370833333333333,0.23,0.5749354005167959,0,True,0,0.0,0.0432497000001603,0.0001603999990038,0.0429812999936984,-1,not_random,not_binary,,,,,,,0.62,0.38,0.1321271929824561,0.1321271929824561,0.0,,,,,,0.1370833333333333,0.23,0.0,0.0
a0_75_primary,random-seed-14-R1,14,300,16,random,0.4,symmetric_0.20,0.2,0.2,1,True,DataAgnosticRandomTree,0.174375,0.0866666666666666,0.4431137724550898,157,False,0,0.8666666666666667,0.0494132000021636,0.0002171999949496,0.0490983000054257,0,primary,not_binary,,,,,,,0.6833333333333333,0.1433333333333333,0.1700581395348837,0.127906976744186,0.0421511627906976,,,,,,0.1370833333333333,0.23,0.037291666666666695,-0.14333333333333342
a0_75_primary,random-seed-14-R1,14,300,16,random,0.4,symmetric_0.20,0.2,0.2,1,True,BinaryMWST,0.17625,0.13,0.5035211267605633,77,False,0,0.4,0.049220899993088,0.0007219999970402,0.0483840999950189,-1,not_random,observed,True,True,,,,,0.5633333333333334,0.2366666666666666,0.1707746478873239,0.118838028169014,0.0519366197183098,,,,,,0.1370833333333333,0.23,0.03916666666666668,-0.1
a0_75_primary,random-seed-14-R1,14,300,16,random,0.4,symmetric_0.20,0.2,0.2,1,True,NoiseCorrectedMWST,0.165,0.1366666666666666,0.5123152709359606,75,False,0,0.3333333333333333,0.0663897000049473,0.0011748999968403,0.0651062999968417,-1,not_random,not_binary,,,,,,,0.61,0.2333333333333333,0.1553571428571428,0.1169642857142857,0.0383928571428571,,,,,,0.1370833333333333,0.23,0.0279166666666667,-0.09333333333333341
a0_75_primary,random-seed-14-R1,14,300,16,random,0.4,symmetric_0.20,0.2,0.2,1,True,BootstrapStabilityMWST,0.1670833333333333,0.13,0.5151148730350664,75,False,0,0.3333333333333333,0.1157783999951789,0.0519810999976471,0.0637045000039506,-1,not_random,not_binary,,,,,,,0.6033333333333334,0.23,0.1539855072463768,0.1123188405797101,0.0416666666666666,100.0,,,,,0.1370833333333333,0.23,0.03,-0.1
a0_75_primary,random-seed-14-R1,14,300,16,random,0.4,symmetric_0.20,0.2,0.2,1,True,AlternatingTreeIncidenceEstimator,0.165,0.1366666666666666,0.5123152709359606,75,False,0,0.3333333333333333,0.05663540000387,0.0013926999963587,0.0546555000037187,-1,not_random,not_binary,,,0.0,True,False,False,0.61,0.2333333333333333,0.1553571428571428,0.1169642857142857,0.0383928571428571,,,,,,0.1370833333333333,0.23,0.0279166666666667,-0.09333333333333341
a0_75_primary,random-seed-15-R1,15,300,16,random,0.4,symmetric_0.20,0.2,0.2,1,True,TrueTreeOracle,0.1408333333333333,0.2033333333333333,0.5552631578947368,0,True,0,0.0,0.0593510000035166,0.0001405000075465,0.0590875000052619,-1,not_random,not_binary,,,,,,,0.6433333333333333,0.3566666666666667,0.1290887850467289,0.1290887850467289,0.0,,,,,,0.1408333333333333,0.2033333333333333,0.0,0.0
a0_75_primary,random-seed-15-R1,15,300,16,random,0.4,symmetric_0.20,0.2,0.2,1,True,DataAgnosticRandomTree,0.176875,0.0833333333333333,0.4267386900742742,144,False,0,0.8,0.0632354999979725,0.0003562000056263,0.0627602000022307,0,primary,not_binary,,,,,,,0.6366666666666667,0.1633333333333333,0.1517857142857142,0.0956632653061224,0.0561224489795918,,,,,,0.1408333333333333,0.2033333333333333,0.036041666666666694,-0.12000000000000001
a0_75_primary,random-seed-15-R1,15,300,16,random,0.4,symmetric_0.20,0.2,0.2,1,True,BinaryMWST,0.1860416666666666,0.1066666666666666,0.491747296528173,86,False,0,0.5333333333333333,0.0644617000070866,0.0004195000074105,0.0638163999974494,-1,not_random,observed,True,True,,,,,0.5533333333333333,0.1933333333333333,0.1810344827586207,0.1185344827586206,0.0625,,,,,,0.1408333333333333,0.2033333333333333,0.045208333333333295,-0.0966666666666667
a0_75_primary,random-seed-15-R1,15,300,16,random,0.4,symmetric_0.20,0.2,0.2,1,True,NoiseCorrectedMWST,0.1616666666666666,0.1166666666666666,0.4980595084087968,88,False,0,0.6,0.0634439999994356,0.0005522999999811,0.0627143000019714,-1,not_random,not_binary,,,,,,,0.6033333333333334,0.1666666666666666,0.1275,0.11875,0.00875,,,,,,0.1408333333333333,0.2033333333333333,0.020833333333333287,-0.08666666666666671
a0_75_primary,random-seed-15-R1,15,300,16,random,0.4,symmetric_0.20,0.2,0.2,1,True,BootstrapStabilityMWST,0.1502083333333333,0.1333333333333333,0.5272131147540984,79,False,0,0.5333333333333333,0.1026254000025801,0.0488323999888962,0.0536782999988645,-1,not_random,not_binary,,,,,,,0.6066666666666667,0.19,0.1118421052631579,0.1195175438596491,-0.0076754385964912,100.0,,,,,0.1408333333333333,0.2033333333333333,0.009374999999999994,-0.07
a0_75_primary,random-seed-15-R1,15,300,16,random,0.4,symmetric_0.20,0.2,0.2,1,True,AlternatingTreeIncidenceEstimator,0.1616666666666666,0.1166666666666666,0.4980595084087968,88,False,0,0.6,0.0815834999957587,0.0015981999895302,0.0790172000124584,-1,not_random,not_binary,,,0.0,True,False,False,0.6033333333333334,0.1666666666666666,0.1275,0.11875,0.00875,,,,,,0.1408333333333333,0.2033333333333333,0.020833333333333287,-0.08666666666666671
a0_75_primary,random-seed-16-R1,16,300,16,random,0.4,symmetric_0.20,0.2,0.2,1,True,TrueTreeOracle,0.1347916666666666,0.2033333333333333,0.6085904416212947,0,True,0,0.0,0.0672021999926073,0.0001542000100016,0.0667950000060955,-1,not_random,not_binary,,,,,,,0.54,0.46,0.1304347826086956,0.1304347826086956,0.0,,,,,,0.1347916666666666,0.2033333333333333,0.0,0.0
a0_75_primary,random-seed-16-R1,16,300,16,random,0.4,symmetric_0.20,0.2,0.2,1,True,DataAgnosticRandomTree,0.20375,0.05,0.3786531130876747,185,False,0,1.0,0.0754960000049322,0.0006908999930601,0.0747009000042453,0,primary,not_binary,,,,,,,0.72,0.1333333333333333,0.2015625,0.1375,0.0640625,,,,,,0.1347916666666666,0.2033333333333333,0.0689583333333334,-0.15333333333333332
a0_75_primary,random-seed-16-R1,16,300,16,random,0.4,symmetric_0.20,0.2,0.2,1,True,BinaryMWST,0.1729166666666666,0.0766666666666666,0.5180023228803717,100,False,0,0.4,0.059452000001329,0.0006594000005861,0.0585337999946204,-1,not_random,observed,True,True,,,,,0.5266666666666666,0.2833333333333333,0.1477941176470588,0.1110294117647058,0.0367647058823529,,,,,,0.1347916666666666,0.2033333333333333,0.03812500000000002,-0.1266666666666667
a0_75_primary,random-seed-16-R1,16,300,16,random,0.4,symmetric_0.20,0.2,0.2,1,True,NoiseCorrectedMWST,0.1754166666666666,0.0866666666666666,0.5110336817653891,110,False,0,0.4,0.0664578999858349,0.0009919000003719,0.0652695000026142,-1,not_random,not_binary,,,,,,,0.5466666666666666,0.2566666666666666,0.1566558441558441,0.1152597402597402,0.0413961038961038,,,,,,0.1347916666666666,0.2033333333333333,0.04062500000000002,-0.11666666666666671
a0_75_primary,random-seed-16-R1,16,300,16,random,0.4,symmetric_0.20,0.2,0.2,1,True,BootstrapStabilityMWST,0.1679166666666666,0.1,0.5162064825930373,111,False,0,0.3333333333333333,0.1316072000045096,0.0629427999956533,0.0684673999930964,-1,not_random,not_binary,,,,,,,0.5466666666666666,0.2666666666666666,0.1421875,0.121875,0.0203125,100.0,,,,,0.1347916666666666,0.2033333333333333,0.033125000000000016,-0.1033333333333333
a0_75_primary,random-seed-16-R1,16,300,16,random,0.4,symmetric_0.20,0.2,0.2,1,True,AlternatingTreeIncidenceEstimator,0.1754166666666666,0.0866666666666666,0.5110336817653891,110,False,0,0.4,0.0762397999933455,0.0023130999907152,0.0730786999920383,-1,not_random,not_binary,,,0.0,True,False,False,0.5466666666666666,0.2566666666666666,0.1566558441558441,0.1152597402597402,0.0413961038961038,,,,,,0.1347916666666666,0.2033333333333333,0.04062500000000002,-0.11666666666666671
a0_75_primary,random-seed-17-R1,17,300,16,random,0.4,symmetric_0.20,0.2,0.2,1,True,TrueTreeOracle,0.1364583333333333,0.1866666666666666,0.5924082140634723,0,True,0,0.0,0.0650447000080021,0.000153599990881,0.0647447999945143,-1,not_random,not_binary,,,,,,,0.5633333333333334,0.4366666666666666,0.1416984732824427,0.1416984732824427,0.0,,,,,,0.1364583333333333,0.1866666666666666,0.0,0.0
a0_75_primary,random-seed-17-R1,17,300,16,random,0.4,symmetric_0.20,0.2,0.2,1,True,DataAgnosticRandomTree,0.1852083333333333,0.0633333333333333,0.3915126625598905,169,False,0,1.0,0.0439222999993944,0.0002325999957975,0.0436208000028273,0,primary,not_binary,,,,,,,0.65,0.1433333333333333,0.1962209302325581,0.1497093023255813,0.0465116279069767,,,,,,0.1364583333333333,0.1866666666666666,0.048750000000000016,-0.1233333333333333
a0_75_primary,random-seed-17-R1,17,300,16,random,0.4,symmetric_0.20,0.2,0.2,1,True,BinaryMWST,0.1754166666666666,0.0933333333333333,0.508177570093458,124,False,0,0.6,0.0519971000030636,0.000746200006688,0.0511198000021977,-1,not_random,observed,True,True,,,,,0.57,0.24,0.1536458333333333,0.1397569444444444,0.0138888888888888,,,,,,0.1364583333333333,0.1866666666666666,0.03895833333333332,-0.0933333333333333
a0_75_primary,random-seed-17-R1,17,300,16,random,0.4,symmetric_0.20,0.2,0.2,1,True,NoiseCorrectedMWST,0.1689583333333333,0.1,0.5175490779298038,120,False,0,0.5333333333333333,0.043894199989154,0.0002957000106107,0.0434728999971412,-1,not_random,not_binary,,,,,,,0.5533333333333333,0.2566666666666666,0.1574675324675324,0.1363636363636363,0.0211038961038961,,,,,,0.1364583333333333,0.1866666666666666,0.0325,-0.08666666666666659
a0_75_primary,random-seed-17-R1,17,300,16,random,0.4,symmetric_0.20,0.2,0.2,1,True,BootstrapStabilityMWST,0.1689583333333333,0.1,0.5175490779298038,120,False,0,0.5333333333333333,0.0835149000049568,0.0490983999916352,0.0343430000066291,-1,not_random,not_binary,,,,,,,0.5533333333333333,0.2566666666666666,0.1574675324675324,0.1363636363636363,0.0211038961038961,100.0,,,,,0.1364583333333333,0.1866666666666666,0.0325,-0.08666666666666659
a0_75_primary,random-seed-17-R1,17,300,16,random,0.4,symmetric_0.20,0.2,0.2,1,True,AlternatingTreeIncidenceEstimator,0.1689583333333333,0.1,0.5175490779298038,120,False,0,0.5333333333333333,0.0569350000005215,0.0008936000085668,0.0555522000067867,-1,not_random,not_binary,,,0.0,True,False,False,0.5533333333333333,0.2566666666666666,0.1574675324675324,0.1363636363636363,0.0211038961038961,,,,,,0.1364583333333333,0.1866666666666666,0.0325,-0.08666666666666659
a0_75_primary,random-seed-18-R1,18,300,16,random,0.4,symmetric_0.20,0.2,0.2,1,True,TrueTreeOracle,0.155,0.17,0.5608028335301063,0,True,0,0.0,0.0581383000098867,0.0001743000029819,0.0578518999973312,-1,not_random,not_binary,,,,,,,0.5966666666666667,0.4033333333333333,0.140495867768595,0.140495867768595,0.0,,,,,,0.155,0.17,0.0,0.0
a0_75_primary,random-seed-18-R1,18,300,16,random,0.4,symmetric_0.20,0.2,0.2,1,True,DataAgnosticRandomTree,0.1808333333333333,0.0933333333333333,0.4259259259259259,161,False,0,0.8666666666666667,0.0325642999960109,0.0002416999923298,0.0322499000030802,0,primary,not_binary,,,,,,,0.6833333333333333,0.14,0.1488095238095238,0.1413690476190476,0.0074404761904761,,,,,,0.155,0.17,0.02583333333333329,-0.07666666666666672
a0_75_primary,random-seed-18-R1,18,300,16,random,0.4,symmetric_0.20,0.2,0.2,1,True,BinaryMWST,0.1720833333333333,0.0933333333333333,0.5036057692307693,89,False,0,0.4666666666666667,0.0443517999956384,0.0003960999893024,0.0438458999997237,-1,not_random,observed,True,True,,,,,0.5833333333333334,0.2333333333333333,0.1357142857142857,0.1339285714285714,0.0017857142857142,,,,,,0.155,0.17,0.01708333333333331,-0.07666666666666672
a0_75_primary,random-seed-18-R1,18,300,16,random,0.4,symmetric_0.20,0.2,0.2,1,True,NoiseCorrectedMWST,0.165625,0.1166666666666666,0.5113706207744315,81,False,0,0.4,0.0393933999876026,0.0005059000104665,0.0387804000056348,-1,not_random,not_binary,,,,,,,0.5533333333333333,0.2533333333333333,0.1266447368421052,0.1192434210526315,0.0074013157894736,,,,,,0.155,0.17,0.010624999999999996,-0.05333333333333341
a0_75_primary,random-seed-18-R1,18,300,16,random,0.4,symmetric_0.20,0.2,0.2,1,True,BootstrapStabilityMWST,0.1602083333333333,0.1233333333333333,0.506101477199743,76,False,0,0.4,0.0948608000035164,0.0389011000079335,0.0557546000054571,-1,not_random,not_binary,,,,,,,0.5066666666666667,0.2866666666666667,0.1388081395348837,0.1344476744186046,0.004360465116279,100.0,,,,,0.155,0.17,0.005208333333333315,-0.04666666666666672
a0_75_primary,random-seed-18-R1,18,300,16,random,0.4,symmetric_0.20,0.2,0.2,1,True,AlternatingTreeIncidenceEstimator,0.165625,0.1166666666666666,0.5113706207744315,81,False,0,0.4,0.0330480000120587,0.0009511999960523,0.0314876000047661,-1,not_random,not_binary,,,0.0,True,False,False,0.5533333333333333,0.2533333333333333,0.1266447368421052,0.1192434210526315,0.0074013157894736,,,,,,0.155,0.17,0.010624999999999996,-0.05333333333333341
a0_75_primary,random-seed-19-R1,19,300,16,random,0.4,symmetric_0.20,0.2,0.2,1,True,TrueTreeOracle,0.1279166666666666,0.2133333333333333,0.584573748308525,0,True,0,0.0,0.0598795000114478,0.0001623999996809,0.0594980000023497,-1,not_random,not_binary,,,,,,,0.5966666666666667,0.4033333333333333,0.1126033057851239,0.1126033057851239,0.0,,,,,,0.1279166666666666,0.2133333333333333,0.0,0.0
a0_75_primary,random-seed-19-R1,19,300,16,random,0.4,symmetric_0.20,0.2,0.2,1,True,DataAgnosticRandomTree,0.186875,0.0566666666666666,0.3775156141568355,183,False,0,1.0,0.053308399990783,0.0004706000036094,0.0527715000062016,0,primary,not_binary,,,,,,,0.69,0.1233333333333333,0.1858108108108108,0.1114864864864864,0.0743243243243243,,,,,,0.1279166666666666,0.2133333333333333,0.05895833333333342,-0.15666666666666668
a0_75_primary,random-seed-19-R1,19,300,16,random,0.4,symmetric_0.20,0.2,0.2,1,True,BinaryMWST,0.1795833333333333,0.0866666666666666,0.4935370152761457,115,False,0,0.5333333333333333,0.0596124000003328,0.0006884000031277,0.0588207000109832,-1,not_random,observed,True,True,,,,,0.57,0.2066666666666666,0.1522177419354838,0.1330645161290322,0.0191532258064516,,,,,,0.1279166666666666,0.2133333333333333,0.051666666666666694,-0.1266666666666667
a0_75_primary,random-seed-19-R1,19,300,16,random,0.4,symmetric_0.20,0.2,0.2,1,True,NoiseCorrectedMWST,0.15375,0.1433333333333333,0.5157480314960631,64,False,0,0.3333333333333333,0.04484250000678,0.0003341999981785,0.0444385000009788,-1,not_random,not_binary,,,,,,,0.6066666666666667,0.2366666666666666,0.1258802816901408,0.1223591549295774,0.0035211267605633,,,,,,0.1279166666666666,0.2133333333333333,0.025833333333333403,-0.06999999999999998
a0_75_primary,random-seed-19-R1,19,300,16,random,0.4,symmetric_0.20,0.2,0.2,1,True,BootstrapStabilityMWST,0.1610416666666666,0.1133333333333333,0.5098287888395687,85,False,0,0.4,0.1330261999974027,0.0530135000008158,0.0799060999997891,-1,not_random,not_binary,,,,,,,0.61,0.2233333333333333,0.1296641791044776,0.1194029850746268,0.0102611940298507,100.0,,,,,0.1279166666666666,0.2133333333333333,0.033125000000000016,-0.09999999999999999
a0_75_primary,random-seed-19-R1,19,300,16,random,0.4,symmetric_0.20,0.2,0.2,1,True,AlternatingTreeIncidenceEstimator,0.15375,0.1433333333333333,0.5157480314960631,64,False,0,0.3333333333333333,0.0576699000084772,0.0017304999928455,0.0553512000042246,-1,not_random,not_binary,,,0.0,True,False,False,0.6066666666666667,0.2366666666666666,0.1258802816901408,0.1223591549295774,0.0035211267605633,,,,,,0.1279166666666666,0.2133333333333333,0.025833333333333403,-0.06999999999999998
a0_75_primary,random-seed-20-R1,20,300,16,random,0.4,symmetric_0.20,0.2,0.2,1,True,TrueTreeOracle,0.140625,0.21,0.5916515426497277,0,True,0,0.0,0.0538887000002432,0.000136200003908,0.0535059000103501,-1,not_random,not_binary,,,,,,,0.6166666666666667,0.3833333333333333,0.1451086956521739,0.1451086956521739,0.0,,,,,,0.140625,0.21,0.0,0.0
a0_75_primary,random-seed-20-R1,20,300,16,random,0.4,symmetric_0.20,0.2,0.2,1,True,DataAgnosticRandomTree,0.1708333333333333,0.0866666666666666,0.4709677419354838,134,False,0,0.7333333333333334,0.0573394000093685,0.0006061000021873,0.0565666000038618,0,primary,not_binary,,,,,,,0.7,0.14,0.1726190476190476,0.1354166666666666,0.0372023809523809,,,,,,0.140625,0.21,0.03020833333333331,-0.12333333333333339
a0_75_primary,random-seed-20-R1,20,300,16,random,0.4,symmetric_0.20,0.2,0.2,1,True,BinaryMWST,0.1577083333333333,0.1533333333333333,0.5631852279284477,43,False,0,0.2666666666666667,0.0504484999983105,0.0003388999903108,0.0499359000095864,-1,not_random,observed,True,True,,,,,0.6066666666666667,0.27,0.158179012345679,0.1543209876543209,0.003858024691358,,,,,,0.140625,0.21,0.01708333333333331,-0.0566666666666667
a0_75_primary,random-seed-20-R1,20,300,16,random,0.4,symmetric_0.20,0.2,0.2,1,True,NoiseCorrectedMWST,0.1545833333333333,0.15,0.5379825653798256,82,False,0,0.4,0.035747200003243,0.0008613999962108,0.0347602999972878,-1,not_random,not_binary,,,,,,,0.5733333333333334,0.2333333333333333,0.1446428571428571,0.1348214285714285,0.0098214285714285,,,,,,0.140625,0.21,0.013958333333333295,-0.06
a0_75_primary,random-seed-20-R1,20,300,16,random,0.4,symmetric_0.20,0.2,0.2,1,True,BootstrapStabilityMWST,0.1591666666666666,0.13,0.5307125307125308,77,False,0,0.3333333333333333,0.0923546999983955,0.0389602000068407,0.0531252000073436,-1,not_random,not_binary,,,,,,,0.5633333333333334,0.25,0.1516666666666666,0.1375,0.0141666666666666,100.0,,,,,0.140625,0.21,0.018541666666666595,-0.07999999999999999
a0_75_primary,random-seed-20-R1,20,300,16,random,0.4,symmetric_0.20,0.2,0.2,1,True,AlternatingTreeIncidenceEstimator,0.1545833333333333,0.15,0.5379825653798256,82,False,0,0.4,0.0467399000044679,0.0009954999841284,0.0452842999948188,-1,not_random,not_binary,,,0.0,True,False,False,0.5733333333333334,0.2333333333333333,0.1446428571428571,0.1348214285714285,0.0098214285714285,,,,,,0.140625,0.21,0.013958333333333295,-0.06
a0_75_primary,random-seed-21-R1,21,300,16,random,0.4,symmetric_0.20,0.2,0.2,1,True,TrueTreeOracle,0.1275,0.2366666666666666,0.6116751269035533,0,True,0,0.0,0.0528775999991921,8.169999637175351e-05,0.0527212000015424,-1,not_random,not_binary,,,,,,,0.6133333333333333,0.3866666666666666,0.1325431034482758,0.1325431034482758,0.0,,,,,,0.1275,0.2366666666666666,0.0,0.0
a0_75_primary,random-seed-21-R1,21,300,16,random,0.4,symmetric_0.20,0.2,0.2,1,True,DataAgnosticRandomTree,0.1933333333333333,0.0433333333333333,0.3926701570680628,174,False,0,0.9333333333333332,0.0427709999930812,0.0003495999990263,0.0423421000014059,0,primary,not_binary,,,,,,,0.7266666666666667,0.12,0.1927083333333333,0.1319444444444444,0.0607638888888888,,,,,,0.1275,0.2366666666666666,0.0658333333333333,-0.1933333333333333
a0_75_primary,random-seed-21-R1,21,300,16,random,0.4,symmetric_0.20,0.2,0.2,1,True,BinaryMWST,0.155625,0.1366666666666666,0.5480943738656988,87,False,0,0.4,0.0670819000079063,0.0010519000061322,0.0655557999998563,-1,not_random,observed,True,True,,,,,0.5433333333333333,0.2466666666666666,0.1241554054054054,0.1114864864864864,0.0126689189189189,,,,,,0.1275,0.2366666666666666,0.02812500000000001,-0.1
a0_75_primary,random-seed-21-R1,21,300,16,random,0.4,symmetric_0.20,0.2,0.2,1,True,NoiseCorrectedMWST,0.153125,0.1366666666666666,0.5510079413561393,79,False,0,0.4,0.0548700999934226,0.0009923000034177,0.0536193000007187,-1,not_random,not_binary,,,,,,,0.5533333333333333,0.23,0.1358695652173913,0.1259057971014492,0.009963768115942,,,,,,0.1275,0.2366666666666666,0.02562500000000001,-0.1
a0_75_primary,random-seed-21-R1,21,300,16,random,0.4,symmetric_0.20,0.2,0.2,1,True,BootstrapStabilityMWST,0.1522916666666666,0.1233333333333333,0.5393824826717077,92,False,0,0.4666666666666667,0.1152950000105192,0.0574754999979632,0.0575517999968724,-1,not_random,not_binary,,,,,,,0.5366666666666666,0.2133333333333333,0.1171875,0.109375,0.0078125,100.0,,,,,0.1275,0.2366666666666666,0.0247916666666666,-0.11333333333333331
a0_75_primary,random-seed-21-R1,21,300,16,random,0.4,symmetric_0.20,0.2,0.2,1,True,AlternatingTreeIncidenceEstimator,0.153125,0.1366666666666666,0.5510079413561393,79,False,0,0.4,0.0578094000084092,0.0020263000042177,0.0548329000012017,-1,not_random,not_binary,,,0.0,True,False,False,0.5533333333333333,0.23,0.1358695652173913,0.1259057971014492,0.009963768115942,,,,,,0.1275,0.2366666666666666,0.02562500000000001,-0.1
a0_75_primary,random-seed-22-R1,22,300,16,random,0.4,symmetric_0.20,0.2,0.2,1,True,TrueTreeOracle,0.1322916666666666,0.2166666666666666,0.613511868533171,0,True,0,0.0,0.0588318000081926,0.0002477999951224,0.0584152000083122,-1,not_random,not_binary,,,,,,,0.5333333333333333,0.4666666666666667,0.1241071428571428,0.1241071428571428,0.0,,,,,,0.1322916666666666,0.2166666666666666,0.0,0.0
a0_75_primary,random-seed-22-R1,22,300,16,random,0.4,symmetric_0.20,0.2,0.2,1,True,DataAgnosticRandomTree,0.1795833333333333,0.0833333333333333,0.4144021739130434,171,False,0,0.9333333333333332,0.0551014999946346,0.0008087000023806,0.0541693999985,0,primary,not_binary,,,,,,,0.6833333333333333,0.15,0.1486111111111111,0.1291666666666666,0.0194444444444444,,,,,,0.1322916666666666,0.2166666666666666,0.047291666666666676,-0.1333333333333333
a0_75_primary,random-seed-22-R1,22,300,16,random,0.4,symmetric_0.20,0.2,0.2,1,True,BinaryMWST,0.1789583333333333,0.1166666666666666,0.5298303229337712,84,False,0,0.3333333333333333,0.0630267999949865,0.0006151999987196,0.0621783000096911,-1,not_random,observed,True,True,,,,,0.5066666666666667,0.32,0.154296875,0.1165364583333333,0.0377604166666666,,,,,,0.1322916666666666,0.2166666666666666,0.04666666666666669,-0.09999999999999999
a0_75_primary,random-seed-22-R1,22,300,16,random,0.4,symmetric_0.20,0.2,0.2,1,True,NoiseCorrectedMWST,0.1754166666666666,0.11,0.5199543899657925,114,False,0,0.4,0.0518062000046484,0.0006334000063361,0.0508780000091064,-1,not_random,not_binary,,,,,,,0.58,0.2666666666666666,0.13359375,0.0953125,0.03828125,,,,,,0.1322916666666666,0.2166666666666666,0.043125,-0.10666666666666659
a0_75_primary,random-seed-22-R1,22,300,16,random,0.4,symmetric_0.20,0.2,0.2,1,True,BootstrapStabilityMWST,0.1764583333333333,0.1066666666666666,0.5140562248995983,114,False,0,0.4,0.1181307999941054,0.0560569000081159,0.061844399999245,-1,not_random,not_binary,,,,,,,0.5833333333333334,0.2733333333333333,0.1410060975609756,0.1036585365853658,0.0373475609756097,100.0,,,,,0.1322916666666666,0.2166666666666666,0.04416666666666669,-0.10999999999999999
a0_75_primary,random-seed-22-R1,22,300,16,random,0.4,symmetric_0.20,0.2,0.2,1,True,AlternatingTreeIncidenceEstimator,0.1754166666666666,0.11,0.5199543899657925,114,False,0,0.4,0.0474606000061612,0.0017155999958049,0.0452021999954013,-1,not_random,not_binary,,,0.0,True,False,False,0.58,0.2666666666666666,0.13359375,0.0953125,0.03828125,,,,,,0.1322916666666666,0.2166666666666666,0.043125,-0.10666666666666659
a0_75_primary,random-seed-23-R1,23,300,16,random,0.4,symmetric_0.20,0.2,0.2,1,True,TrueTreeOracle,0.1408333333333333,0.1666666666666666,0.5912938331318017,0,True,0,0.0,0.0475432999955955,0.0002758000046014,0.047070699991309,-1,not_random,not_binary,,,,,,,0.5566666666666666,0.4433333333333333,0.1353383458646616,0.1353383458646616,0.0,,,,,,0.1408333333333333,0.1666666666666666,0.0,0.0
a0_75_primary,random-seed-23-R1,23,300,16,random,0.4,symmetric_0.20,0.2,0.2,1,True,DataAgnosticRandomTree,0.2033333333333333,0.06,0.3982737361282368,174,False,0,0.9333333333333332,0.0480117000115569,0.0003681000089272,0.0475656000053277,0,primary,not_binary,,,,,,,0.63,0.1866666666666666,0.2053571428571428,0.1417410714285714,0.0636160714285714,,,,,,0.1408333333333333,0.1666666666666666,0.0625,-0.1066666666666666
a0_75_primary,random-seed-23-R1,23,300,16,random,0.4,symmetric_0.20,0.2,0.2,1,True,BinaryMWST,0.1770833333333333,0.0966666666666666,0.5148401826484019,102,False,0,0.4666666666666667,0.0431370000005699,0.000930000009248,0.041930899998988,-1,not_random,observed,True,True,,,,,0.5633333333333334,0.2366666666666666,0.1610915492957746,0.1223591549295774,0.0387323943661971,,,,,,0.1408333333333333,0.1666666666666666,0.03624999999999998,-0.07
a0_75_primary,random-seed-23-R1,23,300,16,random,0.4,symmetric_0.20,0.2,0.2,1,True,NoiseCorrectedMWST,0.1577083333333333,0.1,0.5431502715751357,80,False,0,0.4,0.0469334999943384,0.0003724999987753,0.0464541999972425,-1,not_random,not_binary,,,,,,,0.5666666666666667,0.23,0.1413043478260869,0.118659420289855,0.0226449275362318,,,,,,0.1408333333333333,0.1666666666666666,0.016875,-0.0666666666666666
a0_75_primary,random-seed-23-R1,23,300,16,random,0.4,symmetric_0.20,0.2,0.2,1,True,BootstrapStabilityMWST,0.1577083333333333,0.1,0.5431502715751357,80,False,0,0.4,0.0960999000089941,0.0437537999969208,0.0522649000049568,-1,not_random,not_binary,,,,,,,0.5666666666666667,0.23,0.1413043478260869,0.118659420289855,0.0226449275362318,100.0,,,,,0.1408333333333333,0.1666666666666666,0.016875,-0.0666666666666666
a0_75_primary,random-seed-23-R1,23,300,16,random,0.4,symmetric_0.20,0.2,0.2,1,True,AlternatingTreeIncidenceEstimator,0.1577083333333333,0.1,0.5431502715751357,80,False,0,0.4,0.0618720999918878,0.0017804999952204,0.0595047999959206,-1,not_random,not_binary,,,0.0,True,False,False,0.5666666666666667,0.23,0.1413043478260869,0.118659420289855,0.0226449275362318,,,,,,0.1408333333333333,0.1666666666666666,0.016875,-0.0666666666666666
a0_75_primary,random-seed-24-R1,24,300,16,random,0.4,symmetric_0.20,0.2,0.2,1,True,TrueTreeOracle,0.1391666666666666,0.2233333333333333,0.576679340937896,0,True,0,0.0,0.0459854999935487,0.0001525999978184,0.0457179999939398,-1,not_random,not_binary,,,,,,,0.57,0.43,0.1453488372093023,0.1453488372093023,0.0,,,,,,0.1391666666666666,0.2233333333333333,0.0,0.0
a0_75_primary,random-seed-24-R1,24,300,16,random,0.4,symmetric_0.20,0.2,0.2,1,True,DataAgnosticRandomTree,0.1883333333333333,0.0633333333333333,0.3748271092669432,152,False,0,0.8666666666666667,0.0509556000033626,0.0003878999996231,0.050499499993748,0,primary,not_binary,,,,,,,0.6266666666666667,0.19,0.1951754385964912,0.1535087719298245,0.0416666666666666,,,,,,0.1391666666666666,0.2233333333333333,0.04916666666666669,-0.16
a0_75_primary,random-seed-24-R1,24,300,16,random,0.4,symmetric_0.20,0.2,0.2,1,True,BinaryMWST,0.168125,0.16,0.5238938053097345,70,False,0,0.4666666666666667,0.0396898000035434,0.0007081000076141,0.0389097000006586,-1,not_random,observed,True,True,,,,,0.6,0.26,0.1666666666666666,0.1442307692307692,0.0224358974358974,,,,,,0.1391666666666666,0.2233333333333333,0.02895833333333339,-0.0633333333333333
a0_75_primary,random-seed-24-R1,24,300,16,random,0.4,symmetric_0.20,0.2,0.2,1,True,NoiseCorrectedMWST,0.15625,0.16,0.5294855708908407,71,False,0,0.4666666666666667,0.0498954000067897,0.0002868000010494,0.0494239999970886,-1,not_random,not_binary,,,,,,,0.57,0.2566666666666666,0.137987012987013,0.1274350649350649,0.010551948051948,,,,,,0.1391666666666666,0.2233333333333333,0.017083333333333395,-0.0633333333333333
a0_75_primary,random-seed-24-R1,24,300,16,random,0.4,symmetric_0.20,0.2,0.2,1,True,BootstrapStabilityMWST,0.15625,0.16,0.5294855708908407,71,False,0,0.4666666666666667,0.0975202999979956,0.0436406999942846,0.0537768999929539,-1,not_random,not_binary,,,,,,,0.57,0.2566666666666666,0.137987012987013,0.1274350649350649,0.010551948051948,100.0,,,,,0.1391666666666666,0.2233333333333333,0.017083333333333395,-0.0633333333333333
a0_75_primary,random-seed-24-R1,24,300,16,random,0.4,symmetric_0.20,0.2,0.2,1,True,AlternatingTreeIncidenceEstimator,0.15625,0.16,0.5294855708908407,71,False,0,0.4666666666666667,0.0440569000056711,0.0007813000120222,0.0429548000101931,-1,not_random,not_binary,,,0.0,True,False,False,0.57,0.2566666666666666,0.137987012987013,0.1274350649350649,0.010551948051948,,,,,,0.1391666666666666,0.2233333333333333,0.017083333333333395,-0.0633333333333333
a0_75_primary,random-seed-25-R1,25,300,16,random,0.4,symmetric_0.20,0.2,0.2,1,True,TrueTreeOracle,0.143125,0.1733333333333333,0.5714285714285714,0,True,0,0.0,0.0543314999958965,0.0001554999907966,0.0540594000049168,-1,not_random,not_binary,,,,,,,0.5833333333333334,0.4166666666666667,0.1495,0.1495,0.0,,,,,,0.143125,0.1733333333333333,0.0,0.0
a0_75_primary,random-seed-25-R1,25,300,16,random,0.4,symmetric_0.20,0.2,0.2,1,True,DataAgnosticRandomTree,0.1772916666666666,0.08,0.4135079255685733,148,False,0,0.8,0.0483465999859618,0.0002398000069661,0.0479008999973302,0,primary,not_binary,,,,,,,0.7,0.1566666666666666,0.1795212765957446,0.1675531914893617,0.0119680851063829,,,,,,0.143125,0.1733333333333333,0.034166666666666595,-0.09333333333333331
a0_75_primary,random-seed-25-R1,25,300,16,random,0.4,symmetric_0.20,0.2,0.2,1,True,BinaryMWST,0.164375,0.1066666666666666,0.5415456130156886,68,False,0,0.2666666666666667,0.0619594000017968,0.000655399999232,0.0610287000017706,-1,not_random,observed,True,True,,,,,0.6433333333333333,0.2533333333333333,0.1669407894736842,0.1537828947368421,0.0131578947368421,,,,,,0.143125,0.1733333333333333,0.02124999999999999,-0.06666666666666671
a0_75_primary,random-seed-25-R1,25,300,16,random,0.4,symmetric_0.20,0.2,0.2,1,True,NoiseCorrectedMWST,0.15125,0.13,0.5512978986402965,82,False,0,0.3333333333333333,0.04595449999033,0.0004897000035271,0.0452986000018427,-1,not_random,not_binary,,,,,,,0.5333333333333333,0.2833333333333333,0.1485294117647058,0.1419117647058823,0.0066176470588235,,,,,,0.143125,0.1733333333333333,0.008124999999999993,-0.04333333333333331
a0_75_primary,random-seed-25-R1,25,300,16,random,0.4,symmetric_0.20,0.2,0.2,1,True,BootstrapStabilityMWST,0.15125,0.13,0.5512978986402965,82,False,0,0.3333333333333333,0.0873903000028804,0.0393783000035909,0.0478574000007938,-1,not_random,not_binary,,,,,,,0.5333333333333333,0.2833333333333333,0.1485294117647058,0.1419117647058823,0.0066176470588235,100.0,,,,,0.143125,0.1733333333333333,0.008124999999999993,-0.04333333333333331
a0_75_primary,random-seed-25-R1,25,300,16,random,0.4,symmetric_0.20,0.2,0.2,1,True,AlternatingTreeIncidenceEstimator,0.15125,0.13,0.5512978986402965,82,False,0,0.3333333333333333,0.0419054000085452,0.0020565000013448,0.0391141000000061,-1,not_random,not_binary,,,0.0,True,False,False,0.5333333333333333,0.2833333333333333,0.1485294117647058,0.1419117647058823,0.0066176470588235,,,,,,0.143125,0.1733333333333333,0.008124999999999993,-0.04333333333333331
a0_75_primary,random-seed-26-R1,26,300,16,random,0.4,symmetric_0.20,0.2,0.2,1,True,TrueTreeOracle,0.15125,0.19,0.5884353741496599,0,True,0,0.0,0.049625499988906,0.0001572000037413,0.0493232000007992,-1,not_random,not_binary,,,,,,,0.62,0.38,0.1474780701754386,0.1474780701754386,0.0,,,,,,0.15125,0.19,0.0,0.0
a0_75_primary,random-seed-26-R1,26,300,16,random,0.4,symmetric_0.20,0.2,0.2,1,True,DataAgnosticRandomTree,0.1941666666666666,0.0433333333333333,0.4218362282878412,172,False,0,0.8666666666666667,0.0502911000075982,0.000226999996812,0.0499662000074749,0,primary,not_binary,,,,,,,0.6866666666666666,0.14,0.1681547619047619,0.144345238095238,0.0238095238095238,,,,,,0.15125,0.19,0.0429166666666666,-0.1466666666666667
a0_75_primary,random-seed-26-R1,26,300,16,random,0.4,symmetric_0.20,0.2,0.2,1,True,BinaryMWST,0.1841666666666666,0.1166666666666666,0.5391032325338895,83,False,0,0.4666666666666667,0.0411625999986426,0.0012671000004047,0.0398112999973818,-1,not_random,observed,True,True,,,,,0.5366666666666666,0.2366666666666666,0.1830985915492957,0.1566901408450704,0.0264084507042253,,,,,,0.15125,0.19,0.032916666666666594,-0.0733333333333334
a0_75_primary,random-seed-26-R1,26,300,16,random,0.4,symmetric_0.20,0.2,0.2,1,True,NoiseCorrectedMWST,0.1708333333333333,0.1166666666666666,0.5249130938586326,98,False,0,0.4666666666666667,0.0472202000091783,0.0003234000032534,0.0466471999970963,-1,not_random,not_binary,,,,,,,0.59,0.1966666666666666,0.1578389830508474,0.1440677966101695,0.0137711864406779,,,,,,0.15125,0.19,0.019583333333333314,-0.0733333333333334
a0_75_primary,random-seed-26-R1,26,300,16,random,0.4,symmetric_0.20,0.2,0.2,1,True,BootstrapStabilityMWST,0.1722916666666666,0.1,0.5033033033033033,112,False,0,0.4666666666666667,0.0880775000114226,0.0483412999892607,0.0395193000003928,-1,not_random,not_binary,,,,,,,0.5566666666666666,0.1866666666666666,0.1395089285714285,0.1205357142857142,0.0189732142857142,100.0,,,,,0.15125,0.19,0.021041666666666597,-0.09
a0_75_primary,random-seed-26-R1,26,300,16,random,0.4,symmetric_0.20,0.2,0.2,1,True,AlternatingTreeIncidenceEstimator,0.1708333333333333,0.1166666666666666,0.5249130938586326,98,False,0,0.4666666666666667,0.0520491000061156,0.000947399996221,0.0505454999947687,-1,not_random,not_binary,,,0.0,True,False,False,0.59,0.1966666666666666,0.1578389830508474,0.1440677966101695,0.0137711864406779,,,,,,0.15125,0.19,0.019583333333333314,-0.0733333333333334
a0_75_primary,random-seed-27-R1,27,300,16,random,0.4,symmetric_0.20,0.2,0.2,1,True,TrueTreeOracle,0.1304166666666666,0.2366666666666666,0.6012738853503184,0,True,0,0.0,0.0549148999998578,0.0001214999938383,0.0546319999994011,-1,not_random,not_binary,,,,,,,0.5866666666666667,0.4133333333333333,0.1194556451612903,0.1194556451612903,0.0,,,,,,0.1304166666666666,0.2366666666666666,0.0,0.0
a0_75_primary,random-seed-27-R1,27,300,16,random,0.4,symmetric_0.20,0.2,0.2,1,True,DataAgnosticRandomTree,0.2008333333333333,0.0333333333333333,0.428232502965599,179,False,0,1.0,0.0486103000002913,0.0003260000084992,0.0481851999938953,0,primary,not_binary,,,,,,,0.7033333333333334,0.1066666666666666,0.203125,0.115234375,0.087890625,,,,,,0.1304166666666666,0.2366666666666666,0.07041666666666671,-0.2033333333333333
a0_75_primary,random-seed-27-R1,27,300,16,random,0.4,symmetric_0.20,0.2,0.2,1,True,BinaryMWST,0.1635416666666666,0.14,0.5341246290801187,88,False,0,0.4,0.0594898000126704,0.0009772000048542,0.0582961000036448,-1,not_random,observed,True,True,,,,,0.6233333333333333,0.23,0.1594202898550724,0.1268115942028985,0.0326086956521739,,,,,,0.1304166666666666,0.2366666666666666,0.033125000000000016,-0.0966666666666666
a0_75_primary,random-seed-27-R1,27,300,16,random,0.4,symmetric_0.20,0.2,0.2,1,True,NoiseCorrectedMWST,0.1658333333333333,0.1433333333333333,0.5227817745803357,91,False,0,0.3333333333333333,0.0562306999927386,0.0010029999975813,0.0550516000075731,-1,not_random,not_binary,,,,,,,0.5866666666666667,0.25,0.1383333333333333,0.0991666666666666,0.0391666666666666,,,,,,0.1304166666666666,0.2366666666666666,0.03541666666666671,-0.0933333333333333
a0_75_primary,random-seed-27-R1,27,300,16,random,0.4,symmetric_0.20,0.2,0.2,1,True,BootstrapStabilityMWST,0.1533333333333333,0.1666666666666666,0.5376884422110553,81,False,0,0.2666666666666667,0.0934284999966621,0.0482556000060867,0.045056699993438,-1,not_random,not_binary,,,,,,,0.6166666666666667,0.23,0.1458333333333333,0.1123188405797101,0.0335144927536231,100.0,,,,,0.1304166666666666,0.2366666666666666,0.022916666666666696,-0.07
a0_75_primary,random-seed-27-R1,27,300,16,random,0.4,symmetric_0.20,0.2,0.2,1,True,AlternatingTreeIncidenceEstimator,0.1658333333333333,0.1433333333333333,0.5227817745803357,91,False,0,0.3333333333333333,0.0395053999964147,0.0013081000070087,0.0376593999972101,-1,not_random,not_binary,,,0.0,True,False,False,0.5866666666666667,0.25,0.1383333333333333,0.0991666666666666,0.0391666666666666,,,,,,0.1304166666666666,0.2366666666666666,0.03541666666666671,-0.0933333333333333
a0_75_primary,random-seed-28-R1,28,300,16,random,0.4,symmetric_0.20,0.2,0.2,1,True,TrueTreeOracle,0.1410416666666666,0.1966666666666666,0.6142450142450142,0,True,0,0.0,0.0542668999987654,0.0002635999990161,0.0538291000120807,-1,not_random,not_binary,,,,,,,0.6333333333333333,0.3666666666666666,0.1295454545454545,0.1295454545454545,0.0,,,,,,0.1410416666666666,0.1966666666666666,0.0,0.0
a0_75_primary,random-seed-28-R1,28,300,16,random,0.4,symmetric_0.20,0.2,0.2,1,True,DataAgnosticRandomTree,0.1839583333333333,0.07,0.4566153846153847,160,False,0,0.8666666666666667,0.0636613999959081,0.0003682000096887,0.0630145000031916,0,primary,not_binary,,,,,,,0.6766666666666666,0.1433333333333333,0.1526162790697674,0.1104651162790697,0.0421511627906976,,,,,,0.1410416666666666,0.1966666666666666,0.042916666666666714,-0.1266666666666666
a0_75_primary,random-seed-28-R1,28,300,16,random,0.4,symmetric_0.20,0.2,0.2,1,True,BinaryMWST,0.1741666666666666,0.0933333333333333,0.5365853658536585,118,False,0,0.4666666666666667,0.0574327000067569,0.0003747000009752,0.0568244000023696,-1,not_random,observed,True,True,,,,,0.5733333333333334,0.1933333333333333,0.1476293103448276,0.1239224137931034,0.0237068965517241,,,,,,0.1410416666666666,0.1966666666666666,0.033125000000000016,-0.1033333333333333
a0_75_primary,random-seed-28-R1,28,300,16,random,0.4,symmetric_0.20,0.2,0.2,1,True,NoiseCorrectedMWST,0.1627083333333333,0.11,0.5498559077809798,102,False,0,0.4666666666666667,0.057860899993102,0.000917199999094,0.0567995000019436,-1,not_random,not_binary,,,,,,,0.5766666666666667,0.22,0.1401515151515151,0.1268939393939394,0.0132575757575757,,,,,,0.1410416666666666,0.1966666666666666,0.021666666666666695,-0.0866666666666666
a0_75_primary,random-seed-28-R1,28,300,16,random,0.4,symmetric_0.20,0.2,0.2,1,True,BootstrapStabilityMWST,0.1575,0.1333333333333333,0.5531914893617021,104,False,0,0.4,0.115580099998624,0.0578087000030791,0.0576160000055097,-1,not_random,not_binary,,,,,,,0.5266666666666666,0.2466666666666666,0.1292229729729729,0.1114864864864864,0.0177364864864864,100.0,,,,,0.1410416666666666,0.1966666666666666,0.016458333333333408,-0.0633333333333333
a0_75_primary,random-seed-28-R1,28,300,16,random,0.4,symmetric_0.20,0.2,0.2,1,True,AlternatingTreeIncidenceEstimator,0.1627083333333333,0.11,0.5498559077809798,102,False,0,0.4666666666666667,0.0481328000023495,0.001902300005895,0.0456723999959649,-1,not_random,not_binary,,,0.0,True,False,False,0.5766666666666667,0.22,0.1401515151515151,0.1268939393939394,0.0132575757575757,,,,,,0.1410416666666666,0.1966666666666666,0.021666666666666695,-0.0866666666666666
a0_75_primary,random-seed-29-R1,29,300,16,random,0.4,symmetric_0.20,0.2,0.2,1,True,TrueTreeOracle,0.138125,0.1833333333333333,0.5993957703927493,0,True,0,0.0,0.0519891000003553,0.000196799999685,0.0516632000071695,-1,not_random,not_binary,,,,,,,0.6533333333333333,0.3466666666666667,0.1304086538461538,0.1304086538461538,0.0,,,,,,0.138125,0.1833333333333333,0.0,0.0
a0_75_primary,random-seed-29-R1,29,300,16,random,0.4,symmetric_0.20,0.2,0.2,1,True,DataAgnosticRandomTree,0.1947916666666666,0.0766666666666666,0.4196151458721291,182,False,0,1.0,0.0373796000058064,0.000278999999864,0.0370290999999269,0,primary,not_binary,,,,,,,0.6833333333333333,0.1433333333333333,0.1758720930232558,0.1017441860465116,0.0741279069767441,,,,,,0.138125,0.1833333333333333,0.056666666666666615,-0.10666666666666669
a0_75_primary,random-seed-29-R1,29,300,16,random,0.4,symmetric_0.20,0.2,0.2,1,True,BinaryMWST,0.174375,0.13,0.5408667032364235,89,False,0,0.4,0.0414720999979181,0.0006225000106496,0.0407795999926747,-1,not_random,observed,True,True,,,,,0.6933333333333334,0.1566666666666666,0.1409574468085106,0.1223404255319148,0.0186170212765957,,,,,,0.138125,0.1833333333333333,0.036250000000000004,-0.05333333333333329
a0_75_primary,random-seed-29-R1,29,300,16,random,0.4,symmetric_0.20,0.2,0.2,1,True,NoiseCorrectedMWST,0.1516666666666666,0.15,0.5676959619952494,56,False,0,0.2666666666666667,0.0452417000051355,0.0003008000057889,0.0448684000002685,-1,not_random,not_binary,,,,,,,0.59,0.2533333333333333,0.1324013157894736,0.1233552631578947,0.0090460526315789,,,,,,0.138125,0.1833333333333333,0.01354166666666659,-0.0333333333333333
a0_75_primary,random-seed-29-R1,29,300,16,random,0.4,symmetric_0.20,0.2,0.2,1,True,BootstrapStabilityMWST,0.1652083333333333,0.1533333333333333,0.5522303783173348,73,False,0,0.3333333333333333,0.0924277000012807,0.0414381000009598,0.0506949000118766,-1,not_random,not_binary,,,,,,,0.61,0.2233333333333333,0.1324626865671641,0.126865671641791,0.0055970149253731,100.0,,,,,0.138125,0.1833333333333333,0.027083333333333293,-0.03
a0_75_primary,random-seed-29-R1,29,300,16,random,0.4,symmetric_0.20,0.2,0.2,1,True,AlternatingTreeIncidenceEstimator,0.1516666666666666,0.15,0.5676959619952494,56,False,0,0.2666666666666667,0.0456151999969733,0.0012185999948997,0.0437548000045353,-1,not_random,not_binary,,,0.0,True,False,False,0.59,0.2533333333333333,0.1324013157894736,0.1233552631578947,0.0090460526315789,,,,,,0.138125,0.1833333333333333,0.01354166666666659,-0.0333333333333333
a0_75_primary,path-seed-00-R1,0,300,16,path,0.4,symmetric_0.20,0.2,0.2,1,True,TrueTreeOracle,0.1160416666666666,0.2566666666666666,0.6197952218430034,0,True,0,0.0,0.0486379000067245,0.0001366999931633,0.0484294000052614,-1,not_random,not_binary,,,,,,,0.5333333333333333,0.4666666666666667,0.1022321428571428,0.1022321428571428,0.0,,,,,,0.1160416666666666,0.2566666666666666,0.0,0.0
a0_75_primary,path-seed-00-R1,0,300,16,path,0.4,symmetric_0.20,0.2,0.2,1,True,DataAgnosticRandomTree,0.194375,0.0633333333333333,0.3767535070140281,173,False,0,0.9333333333333332,0.0369119999959366,0.0003444999892963,0.0364675000018905,0,primary,not_binary,,,,,,,0.6833333333333333,0.16,0.1927083333333333,0.1197916666666666,0.0729166666666666,,,,,,0.1160416666666666,0.2566666666666666,0.0783333333333334,-0.1933333333333333
a0_75_primary,path-seed-00-R1,0,300,16,path,0.4,symmetric_0.20,0.2,0.2,1,True,BinaryMWST,0.1722916666666666,0.13,0.5189063408958698,88,False,0,0.4,0.0649262000079033,0.0006745999999111,0.0639516999945044,-1,not_random,observed,True,True,,,,,0.5933333333333334,0.21,0.1329365079365079,0.0853174603174603,0.0476190476190476,,,,,,0.1160416666666666,0.2566666666666666,0.056249999999999994,-0.1266666666666666
a0_75_primary,path-seed-00-R1,0,300,16,path,0.4,symmetric_0.20,0.2,0.2,1,True,NoiseCorrectedMWST,0.1433333333333333,0.1833333333333333,0.5726708074534161,49,False,0,0.2666666666666667,0.0506998000055318,0.0007779000006848,0.0498003999964566,-1,not_random,not_binary,,,,,,,0.5533333333333333,0.31,0.1115591397849462,0.0893817204301075,0.0221774193548387,,,,,,0.1160416666666666,0.2566666666666666,0.027291666666666714,-0.0733333333333333
a0_75_primary,path-seed-00-R1,0,300,16,path,0.4,symmetric_0.20,0.2,0.2,1,True,BootstrapStabilityMWST,0.1372916666666666,0.1966666666666666,0.5756600128782999,54,False,0,0.2666666666666667,0.0948038000060478,0.0429219000070588,0.0518039999878965,-1,not_random,not_binary,,,,,,,0.5466666666666666,0.33,0.101010101010101,0.0940656565656565,0.0069444444444444,100.0,,,,,0.1160416666666666,0.2566666666666666,0.02124999999999999,-0.06
a0_75_primary,path-seed-00-R1,0,300,16,path,0.4,symmetric_0.20,0.2,0.2,1,True,AlternatingTreeIncidenceEstimator,0.1433333333333333,0.1833333333333333,0.5726708074534161,49,False,0,0.2666666666666667,0.0419814000051701,0.0011424999975133,0.039874599999166,-1,not_random,not_binary,,,0.0,True,False,False,0.5533333333333333,0.31,0.1115591397849462,0.0893817204301075,0.0221774193548387,,,,,,0.1160416666666666,0.2566666666666666,0.027291666666666714,-0.0733333333333333
a0_75_primary,path-seed-01-R1,1,300,16,path,0.4,symmetric_0.20,0.2,0.2,1,True,TrueTreeOracle,0.128125,0.2033333333333333,0.5641389085754783,0,True,0,0.0,0.0510626000032061,8.279999019578099e-05,0.0508157000003848,-1,not_random,not_binary,,,,,,,0.5133333333333333,0.4866666666666667,0.1190068493150685,0.1190068493150685,0.0,,,,,,0.128125,0.2033333333333333,0.0,0.0
a0_75_primary,path-seed-01-R1,1,300,16,path,0.4,symmetric_0.20,0.2,0.2,1,True,DataAgnosticRandomTree,0.1954166666666666,0.0566666666666666,0.3653585926928281,172,False,0,1.0,0.0512485999934142,0.0004572000034386,0.050688799994532,0,primary,not_binary,,,,,,,0.6933333333333334,0.1666666666666666,0.21625,0.1275,0.08875,,,,,,0.128125,0.2033333333333333,0.06729166666666661,-0.14666666666666672
a0_75_primary,path-seed-01-R1,1,300,16,path,0.4,symmetric_0.20,0.2,0.2,1,True,BinaryMWST,0.1833333333333333,0.09,0.4786729857819905,74,False,0,0.4,0.0569632999977329,0.0007042999932309,0.0561766999890096,-1,not_random,observed,True,True,,,,,0.57,0.27,0.1774691358024691,0.1219135802469135,0.0555555555555555,,,,,,0.128125,0.2033333333333333,0.055208333333333304,-0.11333333333333331
a0_75_primary,path-seed-01-R1,1,300,16,path,0.4,symmetric_0.20,0.2,0.2,1,True,NoiseCorrectedMWST,0.1552083333333333,0.1133333333333333,0.5016722408026755,67,False,0,0.3333333333333333,0.0409092999907443,0.0002988999913213,0.0404452000075252,-1,not_random,not_binary,,,,,,,0.5866666666666667,0.2766666666666666,0.1219879518072289,0.1046686746987951,0.0173192771084337,,,,,,0.128125,0.2033333333333333,0.02708333333333332,-0.09000000000000001
a0_75_primary,path-seed-01-R1,1,300,16,path,0.4,symmetric_0.20,0.2,0.2,1,True,BootstrapStabilityMWST,0.1552083333333333,0.1133333333333333,0.5016722408026755,67,False,0,0.3333333333333333,0.078839900001185,0.0377153000008547,0.0410101000015856,-1,not_random,not_binary,,,,,,,0.5866666666666667,0.2766666666666666,0.1219879518072289,0.1046686746987951,0.0173192771084337,100.0,,,,,0.128125,0.2033333333333333,0.02708333333333332,-0.09000000000000001
a0_75_primary,path-seed-01-R1,1,300,16,path,0.4,symmetric_0.20,0.2,0.2,1,True,AlternatingTreeIncidenceEstimator,0.1552083333333333,0.1133333333333333,0.5016722408026755,67,False,0,0.3333333333333333,0.0459055999963311,0.0009639999916544,0.0443796000035945,-1,not_random,not_binary,,,0.0,True,False,False,0.5866666666666667,0.2766666666666666,0.1219879518072289,0.1046686746987951,0.0173192771084337,,,,,,0.128125,0.2033333333333333,0.02708333333333332,-0.09000000000000001
a0_75_primary,path-seed-02-R1,2,300,16,path,0.4,symmetric_0.20,0.2,0.2,1,True,TrueTreeOracle,0.1183333333333333,0.24,0.6027972027972027,0,True,0,0.0,0.058804099986446,0.0001562000106787,0.0584073000063654,-1,not_random,not_binary,,,,,,,0.5666666666666667,0.4333333333333333,0.1081730769230769,0.1081730769230769,0.0,,,,,,0.1183333333333333,0.24,0.0,0.0
a0_75_primary,path-seed-02-R1,2,300,16,path,0.4,symmetric_0.20,0.2,0.2,1,True,DataAgnosticRandomTree,0.1870833333333333,0.0566666666666666,0.3667136812411847,186,False,0,1.0,0.0573479000013321,0.0003997999883722,0.0568480000074487,0,primary,not_binary,,,,,,,0.6466666666666666,0.1466666666666666,0.1988636363636363,0.0752840909090909,0.1235795454545454,,,,,,0.1183333333333333,0.24,0.06874999999999999,-0.1833333333333334
a0_75_primary,path-seed-02-R1,2,300,16,path,0.4,symmetric_0.20,0.2,0.2,1,True,BinaryMWST,0.1654166666666666,0.13,0.5234093637454982,76,False,0,0.4666666666666667,0.0582252000021981,0.0007243000000016,0.0572834000049624,-1,not_random,observed,True,True,,,,,0.54,0.24,0.1571180555555555,0.1163194444444444,0.0407986111111111,,,,,,0.1183333333333333,0.24,0.047083333333333297,-0.10999999999999999
a0_75_primary,path-seed-02-R1,2,300,16,path,0.4,symmetric_0.20,0.2,0.2,1,True,NoiseCorrectedMWST,0.1622916666666666,0.1466666666666666,0.5158483530142947,85,False,0,0.4,0.0515433000109624,0.0009513999975752,0.0503833999973721,-1,not_random,not_binary,,,,,,,0.5933333333333334,0.25,0.145,0.1058333333333333,0.0391666666666666,,,,,,0.1183333333333333,0.24,0.04395833333333331,-0.09333333333333338
a0_75_primary,path-seed-02-R1,2,300,16,path,0.4,symmetric_0.20,0.2,0.2,1,True,BootstrapStabilityMWST,0.1541666666666666,0.15,0.5268542199488491,82,False,0,0.4,0.0844511000032071,0.042964899999788,0.041311199995107,-1,not_random,not_binary,,,,,,,0.5533333333333333,0.2566666666666666,0.1387987012987013,0.1022727272727272,0.036525974025974,100.0,,,,,0.1183333333333333,0.24,0.035833333333333287,-0.09
a0_75_primary,path-seed-02-R1,2,300,16,path,0.4,symmetric_0.20,0.2,0.2,1,True,AlternatingTreeIncidenceEstimator,0.1622916666666666,0.1466666666666666,0.5158483530142947,85,False,0,0.4,0.0572592000098666,0.0013889000110793,0.0550166000030003,-1,not_random,not_binary,,,0.0,True,False,False,0.5933333333333334,0.25,0.145,0.1058333333333333,0.0391666666666666,,,,,,0.1183333333333333,0.24,0.04395833333333331,-0.09333333333333338
a0_75_primary,path-seed-03-R1,3,300,16,path,0.4,symmetric_0.20,0.2,0.2,1,True,TrueTreeOracle,0.1208333333333333,0.2766666666666666,0.6086369770580297,0,True,0,0.0,0.0471505000023171,0.0001787999935913,0.0468991999950958,-1,not_random,not_binary,,,,,,,0.5333333333333333,0.4666666666666667,0.1178571428571428,0.1178571428571428,0.0,,,,,,0.1208333333333333,0.2766666666666666,0.0,0.0
a0_75_primary,path-seed-03-R1,3,300,16,path,0.4,symmetric_0.20,0.2,0.2,1,True,DataAgnosticRandomTree,0.1739583333333333,0.09,0.4300341296928328,167,False,0,0.8,0.0537650999904144,0.0002299999905517,0.0532919999968726,0,primary,not_binary,,,,,,,0.6433333333333333,0.18,0.1458333333333333,0.1018518518518518,0.0439814814814814,,,,,,0.1208333333333333,0.2766666666666666,0.05312499999999999,-0.18666666666666662
a0_75_primary,path-seed-03-R1,3,300,16,path,0.4,symmetric_0.20,0.2,0.2,1,True,BinaryMWST,0.164375,0.1233333333333333,0.5034612964128383,104,False,0,0.4666666666666667,0.0667167000065092,0.0008518999966327,0.065593200008152,-1,not_random,observed,True,True,,,,,0.5366666666666666,0.2733333333333333,0.1432926829268292,0.1074695121951219,0.0358231707317073,,,,,,0.1208333333333333,0.2766666666666666,0.04354166666666669,-0.15333333333333332
a0_75_primary,path-seed-03-R1,3,300,16,path,0.4,symmetric_0.20,0.2,0.2,1,True,NoiseCorrectedMWST,0.1397916666666666,0.19,0.5622961513372473,61,False,0,0.3333333333333333,0.0630986000032862,0.0011959999974351,0.0616568999976152,-1,not_random,not_binary,,,,,,,0.5233333333333333,0.3166666666666666,0.1138157894736842,0.1026315789473684,0.0111842105263157,,,,,,0.1208333333333333,0.2766666666666666,0.018958333333333285,-0.08666666666666661
a0_75_primary,path-seed-03-R1,3,300,16,path,0.4,symmetric_0.20,0.2,0.2,1,True,BootstrapStabilityMWST,0.140625,0.1833333333333333,0.5614035087719299,65,False,0,0.2666666666666667,0.1215233999973861,0.0622903000039514,0.0589673000067705,-1,not_random,not_binary,,,,,,,0.53,0.3266666666666666,0.1186224489795918,0.1090561224489796,0.0095663265306122,100.0,,,,,0.1208333333333333,0.2766666666666666,0.019791666666666693,-0.09333333333333332
a0_75_primary,path-seed-03-R1,3,300,16,path,0.4,symmetric_0.20,0.2,0.2,1,True,AlternatingTreeIncidenceEstimator,0.1397916666666666,0.19,0.5622961513372473,61,False,0,0.3333333333333333,0.0649441999994451,0.0025145999970845,0.0611635999957798,-1,not_random,not_binary,,,0.0,True,False,False,0.5233333333333333,0.3166666666666666,0.1138157894736842,0.1026315789473684,0.0111842105263157,,,,,,0.1208333333333333,0.2766666666666666,0.018958333333333285,-0.08666666666666661
a0_75_primary,path-seed-04-R1,4,300,16,path,0.4,symmetric_0.20,0.2,0.2,1,True,TrueTreeOracle,0.124375,0.2433333333333333,0.5689530685920577,0,True,0,0.0,0.0698369999881833,0.0002458999952068,0.0692931000085081,-1,not_random,not_binary,,,,,,,0.5066666666666667,0.4933333333333333,0.1216216216216216,0.1216216216216216,0.0,,,,,,0.124375,0.2433333333333333,0.0,0.0
a0_75_primary,path-seed-04-R1,4,300,16,path,0.4,symmetric_0.20,0.2,0.2,1,True,DataAgnosticRandomTree,0.175625,0.09,0.4398671096345515,147,False,0,0.7333333333333334,0.0652401999977883,0.0003623000084189,0.0645985000010114,0,primary,not_binary,,,,,,,0.6033333333333334,0.2166666666666666,0.1807692307692307,0.1346153846153846,0.0461538461538461,,,,,,0.124375,0.2433333333333333,0.051250000000000004,-0.1533333333333333
a0_75_primary,path-seed-04-R1,4,300,16,path,0.4,symmetric_0.20,0.2,0.2,1,True,BinaryMWST,0.169375,0.1266666666666666,0.4744667097608274,94,False,0,0.4666666666666667,0.0593407999986084,0.0010054000013042,0.0581458999949973,-1,not_random,observed,True,True,,,,,0.5833333333333334,0.2766666666666666,0.1521084337349397,0.1031626506024096,0.0489457831325301,,,,,,0.124375,0.2433333333333333,0.045,-0.1166666666666667
a0_75_primary,path-seed-04-R1,4,300,16,path,0.4,symmetric_0.20,0.2,0.2,1,True,NoiseCorrectedMWST,0.161875,0.1133333333333333,0.4837209302325581,91,False,0,0.4666666666666667,0.0531601999973645,0.000417400005972,0.0524979999900097,-1,not_random,not_binary,,,,,,,0.6066666666666667,0.23,0.1331521739130435,0.0932971014492753,0.0398550724637681,,,,,,0.124375,0.2433333333333333,0.03749999999999999,-0.13
a0_75_primary,path-seed-04-R1,4,300,16,path,0.4,symmetric_0.20,0.2,0.2,1,True,BootstrapStabilityMWST,0.1604166666666666,0.13,0.4818304172274563,94,False,0,0.4,0.0803264999995008,0.0457898000022396,0.0343676999909803,-1,not_random,not_binary,,,,,,,0.59,0.2533333333333333,0.1381578947368421,0.1027960526315789,0.0353618421052631,100.0,,,,,0.124375,0.2433333333333333,0.0360416666666666,-0.11333333333333329
a0_75_primary,path-seed-04-R1,4,300,16,path,0.4,symmetric_0.20,0.2,0.2,1,True,AlternatingTreeIncidenceEstimator,0.161875,0.1133333333333333,0.4837209302325581,91,False,0,0.4666666666666667,0.0554169999959412,0.0014158999983919,0.0533656000043265,-1,not_random,not_binary,,,0.0,True,False,False,0.6066666666666667,0.23,0.1331521739130435,0.0932971014492753,0.0398550724637681,,,,,,0.124375,0.2433333333333333,0.03749999999999999,-0.13
a0_75_primary,path-seed-05-R1,5,300,16,path,0.4,symmetric_0.20,0.2,0.2,1,True,TrueTreeOracle,0.125,0.2233333333333333,0.5670995670995671,0,True,0,0.0,0.0465827000007266,0.0003066999925067,0.046157899996615,-1,not_random,not_binary,,,,,,,0.57,0.43,0.1143410852713178,0.1143410852713178,0.0,,,,,,0.125,0.2233333333333333,0.0,0.0
a0_75_primary,path-seed-05-R1,5,300,16,path,0.4,symmetric_0.20,0.2,0.2,1,True,DataAgnosticRandomTree,0.185,0.0666666666666666,0.3909465020576132,155,False,0,0.8,0.055950699999812,0.000330800001393,0.0554941000009421,0,primary,not_binary,,,,,,,0.6833333333333333,0.18,0.1921296296296296,0.1087962962962963,0.0833333333333333,,,,,,0.125,0.2233333333333333,0.06,-0.1566666666666667
a0_75_primary,path-seed-05-R1,5,300,16,path,0.4,symmetric_0.20,0.2,0.2,1,True,BinaryMWST,0.175625,0.1266666666666666,0.4805914972273567,96,False,0,0.4666666666666667,0.0483577999984845,0.0006158000032883,0.0475058000010903,-1,not_random,observed,True,True,,,,,0.6366666666666667,0.2066666666666666,0.1844758064516129,0.126008064516129,0.0584677419354838,,,,,,0.125,0.2233333333333333,0.050625,-0.0966666666666667
a0_75_primary,path-seed-05-R1,5,300,16,path,0.4,symmetric_0.20,0.2,0.2,1,True,NoiseCorrectedMWST,0.164375,0.13,0.4792079207920792,82,False,0,0.4,0.0521969999972498,0.0003467999922577,0.0517013000062434,-1,not_random,not_binary,,,,,,,0.54,0.2733333333333333,0.1448170731707317,0.1105182926829268,0.0342987804878048,,,,,,0.125,0.2233333333333333,0.03937499999999999,-0.0933333333333333
a0_75_primary,path-seed-05-R1,5,300,16,path,0.4,symmetric_0.20,0.2,0.2,1,True,BootstrapStabilityMWST,0.164375,0.13,0.4792079207920792,82,False,0,0.4,0.0898631000018213,0.0405994999891845,0.0491846000077202,-1,not_random,not_binary,,,,,,,0.54,0.2733333333333333,0.1448170731707317,0.1105182926829268,0.0342987804878048,100.0,,,,,0.125,0.2233333333333333,0.03937499999999999,-0.0933333333333333
a0_75_primary,path-seed-05-R1,5,300,16,path,0.4,symmetric_0.20,0.2,0.2,1,True,AlternatingTreeIncidenceEstimator,0.164375,0.13,0.4792079207920792,82,False,0,0.4,0.0608805999945616,0.0010356999846408,0.0592868000094313,-1,not_random,not_binary,,,0.0,True,False,False,0.54,0.2733333333333333,0.1448170731707317,0.1105182926829268,0.0342987804878048,,,,,,0.125,0.2233333333333333,0.03937499999999999,-0.0933333333333333
a0_75_primary,path-seed-06-R1,6,300,16,path,0.4,symmetric_0.20,0.2,0.2,1,True,TrueTreeOracle,0.1295833333333333,0.1966666666666666,0.5544412607449857,0,True,0,0.0,0.0462412999913794,0.000187099998584,0.0459107000060612,-1,not_random,not_binary,,,,,,,0.5,0.5,0.10125,0.10125,0.0,,,,,,0.1295833333333333,0.1966666666666666,0.0,0.0
a0_75_primary,path-seed-06-R1,6,300,16,path,0.4,symmetric_0.20,0.2,0.2,1,True,DataAgnosticRandomTree,0.18625,0.0633333333333333,0.3926630434782608,162,False,0,0.8,0.0485791999963112,0.0006730000022798,0.0476715999975567,0,primary,not_binary,,,,,,,0.6666666666666666,0.17,0.1875,0.1139705882352941,0.0735294117647058,,,,,,0.1295833333333333,0.1966666666666666,0.0566666666666667,-0.1333333333333333
a0_75_primary,path-seed-06-R1,6,300,16,path,0.4,symmetric_0.20,0.2,0.2,1,True,BinaryMWST,0.1558333333333333,0.1333333333333333,0.5052910052910052,83,False,0,0.3333333333333333,0.0494999999937135,0.0005720000044675,0.0487764999998034,-1,not_random,observed,True,True,,,,,0.56,0.3133333333333333,0.1190159574468085,0.0944148936170212,0.0246010638297872,,,,,,0.1295833333333333,0.1966666666666666,0.026249999999999996,-0.0633333333333333
a0_75_primary,path-seed-06-R1,6,300,16,path,0.4,symmetric_0.20,0.2,0.2,1,True,NoiseCorrectedMWST,0.158125,0.1333333333333333,0.5016414970453053,87,False,0,0.3333333333333333,0.0609332000021822,0.0011805999965872,0.0596761999913724,-1,not_random,not_binary,,,,,,,0.57,0.2866666666666667,0.1148255813953488,0.0879360465116279,0.0268895348837209,,,,,,0.1295833333333333,0.1966666666666666,0.028541666666666687,-0.0633333333333333
a0_75_primary,path-seed-06-R1,6,300,16,path,0.4,symmetric_0.20,0.2,0.2,1,True,BootstrapStabilityMWST,0.1564583333333333,0.1433333333333333,0.5094709340300457,88,False,0,0.3333333333333333,0.0926456000015605,0.0402006999938748,0.0522805999935371,-1,not_random,not_binary,,,,,,,0.58,0.2866666666666667,0.1126453488372093,0.0930232558139534,0.0196220930232558,100.0,,,,,0.1295833333333333,0.1966666666666666,0.02687500000000001,-0.05333333333333329
a0_75_primary,path-seed-06-R1,6,300,16,path,0.4,symmetric_0.20,0.2,0.2,1,True,AlternatingTreeIncidenceEstimator,0.158125,0.1333333333333333,0.5016414970453053,87,False,0,0.3333333333333333,0.0495857000059913,0.0015794000064488,0.0474306000105571,-1,not_random,not_binary,,,0.0,True,False,False,0.57,0.2866666666666667,0.1148255813953488,0.0879360465116279,0.0268895348837209,,,,,,0.1295833333333333,0.1966666666666666,0.028541666666666687,-0.0633333333333333
a0_75_primary,path-seed-07-R1,7,300,16,path,0.4,symmetric_0.20,0.2,0.2,1,True,TrueTreeOracle,0.119375,0.2066666666666666,0.5802197802197802,0,True,0,0.0,0.0620636000094236,0.0001552999892737,0.0617453000013483,-1,not_random,not_binary,,,,,,,0.5333333333333333,0.4666666666666667,0.1080357142857142,0.1080357142857142,0.0,,,,,,0.119375,0.2066666666666666,0.0,0.0
a0_75_primary,path-seed-07-R1,7,300,16,path,0.4,symmetric_0.20,0.2,0.2,1,True,DataAgnosticRandomTree,0.1704166666666666,0.0866666666666666,0.4029197080291971,140,False,0,0.8,0.0495855000044684,0.0002812000020639,0.049113800007035,0,primary,not_binary,,,,,,,0.6033333333333334,0.2066666666666666,0.1703629032258064,0.0866935483870967,0.0836693548387096,,,,,,0.119375,0.2066666666666666,0.05104166666666661,-0.12000000000000001
a0_75_primary,path-seed-07-R1,7,300,16,path,0.4,symmetric_0.20,0.2,0.2,1,True,BinaryMWST,0.1620833333333333,0.1266666666666666,0.4954604409857328,94,False,0,0.5333333333333333,0.0485065999964717,0.0003915000124834,0.0479201000125613,-1,not_random,observed,True,True,,,,,0.59,0.2466666666666666,0.1503378378378378,0.1055743243243243,0.0447635135135135,,,,,,0.119375,0.2066666666666666,0.042708333333333307,-0.08000000000000002
a0_75_primary,path-seed-07-R1,7,300,16,path,0.4,symmetric_0.20,0.2,0.2,1,True,NoiseCorrectedMWST,0.1620833333333333,0.1266666666666666,0.4954604409857328,94,False,0,0.5333333333333333,0.0421449999994365,0.0010621000110404,0.0409278000006452,-1,not_random,not_binary,,,,,,,0.59,0.2466666666666666,0.1503378378378378,0.1055743243243243,0.0447635135135135,,,,,,0.119375,0.2066666666666666,0.042708333333333307,-0.08000000000000002
a0_75_primary,path-seed-07-R1,7,300,16,path,0.4,symmetric_0.20,0.2,0.2,1,True,BootstrapStabilityMWST,0.1620833333333333,0.1266666666666666,0.4954604409857328,94,False,0,0.5333333333333333,0.074122999998508,0.0346539000020129,0.0392713999899569,-1,not_random,not_binary,,,,,,,0.59,0.2466666666666666,0.1503378378378378,0.1055743243243243,0.0447635135135135,100.0,,,,,0.119375,0.2066666666666666,0.042708333333333307,-0.08000000000000002
a0_75_primary,path-seed-07-R1,7,300,16,path,0.4,symmetric_0.20,0.2,0.2,1,True,AlternatingTreeIncidenceEstimator,0.1620833333333333,0.1266666666666666,0.4954604409857328,94,False,0,0.5333333333333333,0.0410162000043783,0.0006140000041341,0.0401255999895511,-1,not_random,not_binary,,,0.0,True,False,False,0.59,0.2466666666666666,0.1503378378378378,0.1055743243243243,0.0447635135135135,,,,,,0.119375,0.2066666666666666,0.042708333333333307,-0.08000000000000002
a0_75_primary,path-seed-08-R1,8,300,16,path,0.4,symmetric_0.20,0.2,0.2,1,True,TrueTreeOracle,0.12125,0.24,0.5714285714285715,0,True,0,0.0,0.0310549999994691,0.0001372000115225,0.0307724000012967,-1,not_random,not_binary,,,,,,,0.58,0.42,0.1116071428571428,0.1116071428571428,0.0,,,,,,0.12125,0.24,0.0,0.0
a0_75_primary,path-seed-08-R1,8,300,16,path,0.4,symmetric_0.20,0.2,0.2,1,True,DataAgnosticRandomTree,0.2016666666666666,0.0533333333333333,0.3810741687979539,175,False,0,0.9333333333333332,0.0464748999947914,0.0007597000076202,0.0456422999995993,0,primary,not_binary,,,,,,,0.6733333333333333,0.1333333333333333,0.1796875,0.0828125,0.096875,,,,,,0.12125,0.24,0.08041666666666661,-0.1866666666666667
a0_75_primary,path-seed-08-R1,8,300,16,path,0.4,symmetric_0.20,0.2,0.2,1,True,BinaryMWST,0.1725,0.11,0.4692307692307693,84,False,0,0.4666666666666667,0.0562519000086467,0.0006951999966986,0.055483300006017,-1,not_random,observed,True,True,,,,,0.5966666666666667,0.2066666666666666,0.1612903225806451,0.1159274193548387,0.0453629032258064,,,,,,0.12125,0.24,0.05124999999999999,-0.13
a0_75_primary,path-seed-08-R1,8,300,16,path,0.4,symmetric_0.20,0.2,0.2,1,True,NoiseCorrectedMWST,0.13875,0.1833333333333333,0.5269886363636364,53,False,0,0.4,0.0538268999953288,0.0005701999907614,0.0529546000034315,-1,not_random,not_binary,,,,,,,0.5466666666666666,0.28,0.1063988095238095,0.1041666666666666,0.0022321428571428,,,,,,0.12125,0.24,0.017500000000000016,-0.0566666666666667
a0_75_primary,path-seed-08-R1,8,300,16,path,0.4,symmetric_0.20,0.2,0.2,1,True,BootstrapStabilityMWST,0.13875,0.1833333333333333,0.5269886363636364,53,False,0,0.4,0.1057739000098081,0.044625199996517,0.0610784000018611,-1,not_random,not_binary,,,,,,,0.5466666666666666,0.28,0.1063988095238095,0.1041666666666666,0.0022321428571428,100.0,,,,,0.12125,0.24,0.017500000000000016,-0.0566666666666667
a0_75_primary,path-seed-08-R1,8,300,16,path,0.4,symmetric_0.20,0.2,0.2,1,True,AlternatingTreeIncidenceEstimator,0.13875,0.1833333333333333,0.5269886363636364,53,False,0,0.4,0.0524318000097991,0.001148600000306,0.0502163000055588,-1,not_random,not_binary,,,0.0,True,False,False,0.5466666666666666,0.28,0.1063988095238095,0.1041666666666666,0.0022321428571428,,,,,,0.12125,0.24,0.017500000000000016,-0.0566666666666667
a0_75_primary,path-seed-09-R1,9,300,16,path,0.4,symmetric_0.20,0.2,0.2,1,True,TrueTreeOracle,0.1197916666666666,0.23,0.5627376425855513,0,True,0,0.0,0.0473362000047927,0.0001402999914716,0.0471251999988453,-1,not_random,not_binary,,,,,,,0.58,0.42,0.1121031746031746,0.1121031746031746,0.0,,,,,,0.1197916666666666,0.23,0.0,0.0
a0_75_primary,path-seed-09-R1,9,300,16,path,0.4,symmetric_0.20,0.2,0.2,1,True,DataAgnosticRandomTree,0.179375,0.0366666666666666,0.3801295896328294,171,False,0,0.9333333333333332,0.052696200000355,0.00058180000633,0.051923800012446,0,primary,not_binary,,,,,,,0.6366666666666667,0.1766666666666666,0.1816037735849056,0.1037735849056603,0.0778301886792452,,,,,,0.1197916666666666,0.23,0.059583333333333405,-0.1933333333333334
a0_75_primary,path-seed-09-R1,9,300,16,path,0.4,symmetric_0.20,0.2,0.2,1,True,BinaryMWST,0.165,0.1033333333333333,0.4619565217391304,100,False,0,0.4666666666666667,0.0553136999951675,0.000497599990922,0.0545253000018419,-1,not_random,observed,True,True,,,,,0.5933333333333334,0.2233333333333333,0.1529850746268656,0.1044776119402985,0.0485074626865671,,,,,,0.1197916666666666,0.23,0.045208333333333406,-0.1266666666666667
a0_75_primary,path-seed-09-R1,9,300,16,path,0.4,symmetric_0.20,0.2,0.2,1,True,NoiseCorrectedMWST,0.168125,0.08,0.4476386036960985,109,False,0,0.4666666666666667,0.0641899000038392,0.0010722000006353,0.0628244999970775,-1,not_random,not_binary,,,,,,,0.5633333333333334,0.23,0.1431159420289855,0.1050724637681159,0.0380434782608695,,,,,,0.1197916666666666,0.23,0.048333333333333395,-0.15000000000000002
a0_75_primary,path-seed-09-R1,9,300,16,path,0.4,symmetric_0.20,0.2,0.2,1,True,BootstrapStabilityMWST,0.15625,0.1,0.4747899159663866,95,False,0,0.4,0.1025495999929262,0.0562023999955272,0.0461543999990681,-1,not_random,not_binary,,,,,,,0.56,0.2433333333333333,0.1378424657534246,0.0976027397260274,0.0402397260273972,100.0,,,,,0.1197916666666666,0.23,0.0364583333333334,-0.13
a0_75_primary,path-seed-09-R1,9,300,16,path,0.4,symmetric_0.20,0.2,0.2,1,True,AlternatingTreeIncidenceEstimator,0.168125,0.08,0.4476386036960985,109,False,0,0.4666666666666667,0.0714770999911706,0.0017643999890424,0.068882499996107,-1,not_random,not_binary,,,0.0,True,False,False,0.5633333333333334,0.23,0.1431159420289855,0.1050724637681159,0.0380434782608695,,,,,,0.1197916666666666,0.23,0.048333333333333395,-0.15000000000000002
a0_75_primary,path-seed-10-R1,10,300,16,path,0.4,symmetric_0.20,0.2,0.2,1,True,TrueTreeOracle,0.1108333333333333,0.28,0.624823695345557,0,True,0,0.0,0.0507008999993559,0.000116799987154,0.0503861000033794,-1,not_random,not_binary,,,,,,,0.4966666666666666,0.5033333333333333,0.1005794701986755,0.1005794701986755,0.0,,,,,,0.1108333333333333,0.28,0.0,0.0
a0_75_primary,path-seed-10-R1,10,300,16,path,0.4,symmetric_0.20,0.2,0.2,1,True,DataAgnosticRandomTree,0.1825,0.07,0.3511111111111111,173,False,0,0.9333333333333332,0.0605231000081403,0.0004953000025125,0.0598406999924918,0,primary,not_binary,,,,,,,0.72,0.16,0.1731770833333333,0.09375,0.0794270833333333,,,,,,0.1108333333333333,0.28,0.0716666666666667,-0.21000000000000002
a0_75_primary,path-seed-10-R1,10,300,16,path,0.4,symmetric_0.20,0.2,0.2,1,True,BinaryMWST,0.165625,0.1533333333333333,0.5225225225225225,75,False,0,0.3333333333333333,0.0475896999996621,0.0003530000103637,0.047145200005616,-1,not_random,observed,True,True,,,,,0.5533333333333333,0.3066666666666666,0.1365489130434782,0.0883152173913043,0.0482336956521739,,,,,,0.1108333333333333,0.28,0.0547916666666667,-0.12666666666666673
a0_75_primary,path-seed-10-R1,10,300,16,path,0.4,symmetric_0.20,0.2,0.2,1,True,NoiseCorrectedMWST,0.1320833333333333,0.1733333333333333,0.570460704607046,63,False,0,0.3333333333333333,0.0616316999949049,0.0006642000080319,0.060755499987863,-1,not_random,not_binary,,,,,,,0.5266666666666666,0.3466666666666667,0.109375,0.0919471153846153,0.0174278846153846,,,,,,0.1108333333333333,0.28,0.021250000000000005,-0.10666666666666672
a0_75_primary,path-seed-10-R1,10,300,16,path,0.4,symmetric_0.20,0.2,0.2,1,True,BootstrapStabilityMWST,0.1320833333333333,0.1733333333333333,0.570460704607046,63,False,0,0.3333333333333333,0.0993508999963523,0.0540630000032251,0.0451351999945472,-1,not_random,not_binary,,,,,,,0.5266666666666666,0.3466666666666667,0.109375,0.0919471153846153,0.0174278846153846,100.0,,,,,0.1108333333333333,0.28,0.021250000000000005,-0.10666666666666672
a0_75_primary,path-seed-10-R1,10,300,16,path,0.4,symmetric_0.20,0.2,0.2,1,True,AlternatingTreeIncidenceEstimator,0.1320833333333333,0.1733333333333333,0.570460704607046,63,False,0,0.3333333333333333,0.0550033000035909,0.0015305999986594,0.0530047999927774,-1,not_random,not_binary,,,0.0,True,False,False,0.5266666666666666,0.3466666666666667,0.109375,0.0919471153846153,0.0174278846153846,,,,,,0.1108333333333333,0.28,0.021250000000000005,-0.10666666666666672
a0_75_primary,path-seed-11-R1,11,300,16,path,0.4,symmetric_0.20,0.2,0.2,1,True,TrueTreeOracle,0.125,0.2466666666666666,0.5689655172413793,0,True,0,0.0,0.0468219999893335,8.47999908728525e-05,0.0466644999978598,-1,not_random,not_binary,,,,,,,0.5833333333333334,0.4166666666666667,0.127,0.127,0.0,,,,,,0.125,0.2466666666666666,0.0,0.0
a0_75_primary,path-seed-11-R1,11,300,16,path,0.4,symmetric_0.20,0.2,0.2,1,True,DataAgnosticRandomTree,0.1864583333333333,0.0733333333333333,0.3611705924339757,172,False,0,0.8666666666666667,0.0394860000087646,0.0006186999962665,0.0387948999996297,0,primary,not_binary,,,,,,,0.64,0.1633333333333333,0.1913265306122449,0.1313775510204081,0.0599489795918367,,,,,,0.125,0.2466666666666666,0.06145833333333331,-0.17333333333333328
a0_75_primary,path-seed-11-R1,11,300,16,path,0.4,symmetric_0.20,0.2,0.2,1,True,BinaryMWST,0.1795833333333333,0.0866666666666666,0.4718137254901961,107,False,0,0.5333333333333333,0.0473681000003125,0.0008786999969743,0.0463280999974813,-1,not_random,observed,True,True,,,,,0.61,0.1966666666666666,0.1800847457627118,0.1461864406779661,0.0338983050847457,,,,,,0.125,0.2466666666666666,0.05458333333333329,-0.15999999999999998
a0_75_primary,path-seed-11-R1,11,300,16,path,0.4,symmetric_0.20,0.2,0.2,1,True,NoiseCorrectedMWST,0.1527083333333333,0.1366666666666666,0.5129568106312292,100,False,0,0.4666666666666667,0.0464609000046039,0.0002663000050233,0.0461236999981338,-1,not_random,not_binary,,,,,,,0.56,0.2166666666666666,0.1307692307692307,0.125,0.0057692307692307,,,,,,0.125,0.2466666666666666,0.027708333333333307,-0.10999999999999999
a0_75_primary,path-seed-11-R1,11,300,16,path,0.4,symmetric_0.20,0.2,0.2,1,True,BootstrapStabilityMWST,0.1585416666666666,0.13,0.5003282994090611,100,False,0,0.4666666666666667,0.0890065999992657,0.0415126000007148,0.0473576000076718,-1,not_random,not_binary,,,,,,,0.59,0.2066666666666666,0.1300403225806451,0.1189516129032258,0.0110887096774193,100.0,,,,,0.125,0.2466666666666666,0.03354166666666661,-0.11666666666666659
a0_75_primary,path-seed-11-R1,11,300,16,path,0.4,symmetric_0.20,0.2,0.2,1,True,AlternatingTreeIncidenceEstimator,0.1527083333333333,0.1366666666666666,0.5129568106312292,100,False,0,0.4666666666666667,0.0483061999984784,0.0010306000040145,0.0466161999938776,-1,not_random,not_binary,,,0.0,True,False,False,0.56,0.2166666666666666,0.1307692307692307,0.125,0.0057692307692307,,,,,,0.125,0.2466666666666666,0.027708333333333307,-0.10999999999999999
a0_75_primary,path-seed-12-R1,12,300,16,path,0.4,symmetric_0.20,0.2,0.2,1,True,TrueTreeOracle,0.1133333333333333,0.24,0.5891238670694864,0,True,0,0.0,0.0397591999935684,9.31000104174018e-05,0.0395471000083489,-1,not_random,not_binary,,,,,,,0.53,0.47,0.0979609929078014,0.0979609929078014,0.0,,,,,,0.1133333333333333,0.24,0.0,0.0
a0_75_primary,path-seed-12-R1,12,300,16,path,0.4,symmetric_0.20,0.2,0.2,1,True,DataAgnosticRandomTree,0.18375,0.07,0.3840782122905028,160,False,0,0.8666666666666667,0.0573874000110663,0.0003610999992815,0.0568471000005956,0,primary,not_binary,,,,,,,0.6866666666666666,0.17,0.1801470588235294,0.1115196078431372,0.0686274509803921,,,,,,0.1133333333333333,0.24,0.0704166666666667,-0.16999999999999998
a0_75_primary,path-seed-12-R1,12,300,16,path,0.4,symmetric_0.20,0.2,0.2,1,True,BinaryMWST,0.1935416666666666,0.0866666666666666,0.4608241439349971,95,False,0,0.6666666666666667,0.0624525000021094,0.0009910999942803,0.0613185999973211,-1,not_random,observed,True,True,,,,,0.5433333333333333,0.2633333333333333,0.1985759493670886,0.0996835443037974,0.0988924050632911,,,,,,0.1133333333333333,0.24,0.08020833333333331,-0.15333333333333338
a0_75_primary,path-seed-12-R1,12,300,16,path,0.4,symmetric_0.20,0.2,0.2,1,True,NoiseCorrectedMWST,0.1510416666666666,0.16,0.5124411566913247,63,False,0,0.4666666666666667,0.0462798999942606,0.0007849000103306,0.0454241000115871,-1,not_random,not_binary,,,,,,,0.5433333333333333,0.2866666666666667,0.1177325581395348,0.0915697674418604,0.0261627906976744,,,,,,0.1133333333333333,0.24,0.0377083333333333,-0.07999999999999999
a0_75_primary,path-seed-12-R1,12,300,16,path,0.4,symmetric_0.20,0.2,0.2,1,True,BootstrapStabilityMWST,0.1597916666666666,0.1366666666666666,0.4957264957264957,82,False,0,0.5333333333333333,0.1127233000006526,0.0652995999989798,0.0473080000083427,-1,not_random,not_binary,,,,,,,0.5366666666666666,0.2633333333333333,0.1257911392405063,0.0909810126582278,0.0348101265822784,100.0,,,,,0.1133333333333333,0.24,0.04645833333333331,-0.10333333333333339
a0_75_primary,path-seed-12-R1,12,300,16,path,0.4,symmetric_0.20,0.2,0.2,1,True,AlternatingTreeIncidenceEstimator,0.1510416666666666,0.16,0.5124411566913247,63,False,0,0.4666666666666667,0.0541377999907126,0.0014324999938253,0.0521220000082394,-1,not_random,not_binary,,,0.0,True,False,False,0.5433333333333333,0.2866666666666667,0.1177325581395348,0.0915697674418604,0.0261627906976744,,,,,,0.1133333333333333,0.24,0.0377083333333333,-0.07999999999999999
a0_75_primary,path-seed-13-R1,13,300,16,path,0.4,symmetric_0.20,0.2,0.2,1,True,TrueTreeOracle,0.1197916666666666,0.25,0.60857726344452,0,True,0,0.0,0.042253100007656,0.0002279000036651,0.041883300000336,-1,not_random,not_binary,,,,,,,0.5466666666666666,0.4533333333333333,0.1102941176470588,0.1102941176470588,0.0,,,,,,0.1197916666666666,0.25,0.0,0.0
a0_75_primary,path-seed-13-R1,13,300,16,path,0.4,symmetric_0.20,0.2,0.2,1,True,DataAgnosticRandomTree,0.18375,0.0866666666666666,0.4294954721862871,151,False,0,0.6666666666666667,0.0417952999996487,0.0003895999980159,0.0413028000039048,0,primary,not_binary,,,,,,,0.6933333333333334,0.16,0.1809895833333333,0.0924479166666666,0.0885416666666666,,,,,,0.1197916666666666,0.25,0.0639583333333334,-0.16333333333333339
a0_75_primary,path-seed-13-R1,13,300,16,path,0.4,symmetric_0.20,0.2,0.2,1,True,BinaryMWST,0.1764583333333333,0.1233333333333333,0.4979253112033194,106,False,0,0.4666666666666667,0.0523270999983651,0.0006692000024486,0.0515526000090176,-1,not_random,observed,True,True,,,,,0.62,0.1966666666666666,0.1758474576271186,0.1292372881355932,0.0466101694915254,,,,,,0.1197916666666666,0.25,0.0566666666666667,-0.1266666666666667
a0_75_primary,path-seed-13-R1,13,300,16,path,0.4,symmetric_0.20,0.2,0.2,1,True,NoiseCorrectedMWST,0.1583333333333333,0.1366666666666666,0.5238095238095238,92,False,0,0.4666666666666667,0.0505273000017041,0.0005372000014176,0.0497912999999243,-1,not_random,not_binary,,,,,,,0.6,0.2533333333333333,0.147203947368421,0.1126644736842105,0.0345394736842105,,,,,,0.1197916666666666,0.25,0.038541666666666696,-0.1133333333333334
a0_75_primary,path-seed-13-R1,13,300,16,path,0.4,symmetric_0.20,0.2,0.2,1,True,BootstrapStabilityMWST,0.1583333333333333,0.1366666666666666,0.5238095238095238,92,False,0,0.4666666666666667,0.1168968999991193,0.0427400000044144,0.0739026999945053,-1,not_random,not_binary,,,,,,,0.6,0.2533333333333333,0.147203947368421,0.1126644736842105,0.0345394736842105,100.0,,,,,0.1197916666666666,0.25,0.038541666666666696,-0.1133333333333334
a0_75_primary,path-seed-13-R1,13,300,16,path,0.4,symmetric_0.20,0.2,0.2,1,True,AlternatingTreeIncidenceEstimator,0.1583333333333333,0.1366666666666666,0.5238095238095238,92,False,0,0.4666666666666667,0.0417132999864406,0.000900899991393,0.040486800004146,-1,not_random,not_binary,,,0.0,True,False,False,0.6,0.2533333333333333,0.147203947368421,0.1126644736842105,0.0345394736842105,,,,,,0.1197916666666666,0.25,0.038541666666666696,-0.1133333333333334
a0_75_primary,path-seed-14-R1,14,300,16,path,0.4,symmetric_0.20,0.2,0.2,1,True,TrueTreeOracle,0.125625,0.2233333333333333,0.5928426738690074,0,True,0,0.0,0.0561759999982314,0.0001874999870778,0.0558545000094454,-1,not_random,not_binary,,,,,,,0.5066666666666667,0.4933333333333333,0.1114864864864864,0.1114864864864864,0.0,,,,,,0.125625,0.2233333333333333,0.0,0.0
a0_75_primary,path-seed-14-R1,14,300,16,path,0.4,symmetric_0.20,0.2,0.2,1,True,DataAgnosticRandomTree,0.17125,0.1,0.4111747851002865,170,False,0,0.8666666666666667,0.035298499991768,0.0002903999993577,0.0348932999913813,0,primary,not_binary,,,,,,,0.6966666666666667,0.1733333333333333,0.1622596153846154,0.09375,0.0685096153846153,,,,,,0.125625,0.2233333333333333,0.04562500000000003,-0.1233333333333333
a0_75_primary,path-seed-14-R1,14,300,16,path,0.4,symmetric_0.20,0.2,0.2,1,True,BinaryMWST,0.1777083333333333,0.0966666666666666,0.5008777062609713,118,False,0,0.6,0.0469157000043196,0.0006303999980445,0.0461648999917088,-1,not_random,observed,True,True,,,,,0.5633333333333334,0.2533333333333333,0.1669407894736842,0.1167763157894736,0.0501644736842105,,,,,,0.125625,0.2233333333333333,0.052083333333333315,-0.1266666666666667
a0_75_primary,path-seed-14-R1,14,300,16,path,0.4,symmetric_0.20,0.2,0.2,1,True,NoiseCorrectedMWST,0.153125,0.14,0.531548757170172,88,False,0,0.4,0.0433502999949269,0.0005246000073384,0.0427495999902021,-1,not_random,not_binary,,,,,,,0.6066666666666667,0.2333333333333333,0.1285714285714285,0.1,0.0285714285714285,,,,,,0.125625,0.2233333333333333,0.027500000000000024,-0.08333333333333329
a0_75_primary,path-seed-14-R1,14,300,16,path,0.4,symmetric_0.20,0.2,0.2,1,True,BootstrapStabilityMWST,0.153125,0.14,0.531548757170172,88,False,0,0.4,0.0836482000013347,0.0396769000071799,0.0437817000056384,-1,not_random,not_binary,,,,,,,0.6066666666666667,0.2333333333333333,0.1285714285714285,0.1,0.0285714285714285,100.0,,,,,0.125625,0.2233333333333333,0.027500000000000024,-0.08333333333333329
a0_75_primary,path-seed-14-R1,14,300,16,path,0.4,symmetric_0.20,0.2,0.2,1,True,AlternatingTreeIncidenceEstimator,0.153125,0.14,0.531548757170172,88,False,0,0.4,0.0568058000062592,0.0016285999881802,0.0542281999951228,-1,not_random,not_binary,,,0.0,True,False,False,0.6066666666666667,0.2333333333333333,0.1285714285714285,0.1,0.0285714285714285,,,,,,0.125625,0.2233333333333333,0.027500000000000024,-0.08333333333333329
a0_75_primary,path-seed-15-R1,15,300,16,path,0.4,symmetric_0.20,0.2,0.2,1,True,TrueTreeOracle,0.1235416666666666,0.2233333333333333,0.5879082696316887,0,True,0,0.0,0.0472100000042701,0.0002131999935954,0.0469284999999217,-1,not_random,not_binary,,,,,,,0.5366666666666666,0.4633333333333333,0.1092625899280575,0.1092625899280575,0.0,,,,,,0.1235416666666666,0.2233333333333333,0.0,0.0
a0_75_primary,path-seed-15-R1,15,300,16,path,0.4,symmetric_0.20,0.2,0.2,1,True,DataAgnosticRandomTree,0.1960416666666666,0.0433333333333333,0.3940759819703798,179,False,0,0.8,0.0446448000002419,0.0002794000029098,0.0442965999973239,0,primary,not_binary,,,,,,,0.6666666666666666,0.1733333333333333,0.1899038461538461,0.1057692307692307,0.0841346153846153,,,,,,0.1235416666666666,0.2233333333333333,0.07249999999999998,-0.18
a0_75_primary,path-seed-15-R1,15,300,16,path,0.4,symmetric_0.20,0.2,0.2,1,True,BinaryMWST,0.1820833333333333,0.0933333333333333,0.4894859813084112,92,False,0,0.4,0.0548872000072151,0.0004422000056365,0.0542230999999446,-1,not_random,observed,True,True,,,,,0.62,0.23,0.1485507246376811,0.1132246376811594,0.0353260869565217,,,,,,0.1235416666666666,0.2233333333333333,0.058541666666666686,-0.13
a0_75_primary,path-seed-15-R1,15,300,16,path,0.4,symmetric_0.20,0.2,0.2,1,True,NoiseCorrectedMWST,0.1489583333333333,0.1366666666666666,0.5236508994003998,80,False,0,0.3333333333333333,0.0679019999952288,0.0005392999883042,0.0671082000044407,-1,not_random,not_binary,,,,,,,0.5466666666666666,0.2966666666666667,0.1081460674157303,0.098314606741573,0.0098314606741573,,,,,,0.1235416666666666,0.2233333333333333,0.0254166666666667,-0.0866666666666667
a0_75_primary,path-seed-15-R1,15,300,16,path,0.4,symmetric_0.20,0.2,0.2,1,True,BootstrapStabilityMWST,0.153125,0.14,0.5173998686802364,92,False,0,0.4,0.1128333000087877,0.0579556999873602,0.0546929999982239,-1,not_random,not_binary,,,,,,,0.55,0.28,0.1086309523809523,0.0907738095238095,0.0178571428571428,100.0,,,,,0.1235416666666666,0.2233333333333333,0.029583333333333406,-0.08333333333333329
a0_75_primary,path-seed-15-R1,15,300,16,path,0.4,symmetric_0.20,0.2,0.2,1,True,AlternatingTreeIncidenceEstimator,0.1489583333333333,0.1366666666666666,0.5236508994003998,80,False,0,0.3333333333333333,0.0543378000002121,0.0016506999963894,0.0515201000089291,-1,not_random,not_binary,,,0.0,True,False,False,0.5466666666666666,0.2966666666666667,0.1081460674157303,0.098314606741573,0.0098314606741573,,,,,,0.1235416666666666,0.2233333333333333,0.0254166666666667,-0.0866666666666667
a0_75_primary,path-seed-16-R1,16,300,16,path,0.4,symmetric_0.20,0.2,0.2,1,True,TrueTreeOracle,0.1247916666666666,0.2266666666666666,0.5938983050847457,0,True,0,0.0,0.0592986999981803,0.0001483000087318,0.0590100999979767,-1,not_random,not_binary,,,,,,,0.54,0.46,0.1245471014492753,0.1245471014492753,0.0,,,,,,0.1247916666666666,0.2266666666666666,0.0,0.0
a0_75_primary,path-seed-16-R1,16,300,16,path,0.4,symmetric_0.20,0.2,0.2,1,True,DataAgnosticRandomTree,0.18625,0.08,0.4247104247104247,171,False,0,0.8666666666666667,0.0614479999931063,0.0006238000059965,0.0605359999899519,0,primary,not_binary,,,,,,,0.7133333333333334,0.16,0.1731770833333333,0.1002604166666666,0.0729166666666666,,,,,,0.1247916666666666,0.2266666666666666,0.06145833333333339,-0.1466666666666666
a0_75_primary,path-seed-16-R1,16,300,16,path,0.4,symmetric_0.20,0.2,0.2,1,True,BinaryMWST,0.1477083333333333,0.16,0.546964856230032,53,False,0,0.3333333333333333,0.0428588000067975,0.0007899000047473,0.0419514999957755,-1,not_random,observed,True,True,,,,,0.5466666666666666,0.3166666666666666,0.1368421052631579,0.131578947368421,0.0052631578947368,,,,,,0.1247916666666666,0.2266666666666666,0.022916666666666696,-0.0666666666666666
a0_75_primary,path-seed-16-R1,16,300,16,path,0.4,symmetric_0.20,0.2,0.2,1,True,NoiseCorrectedMWST,0.1460416666666666,0.1633333333333333,0.548033526756931,71,False,0,0.4666666666666667,0.0448055000015301,0.0008269999962067,0.0437998000124935,-1,not_random,not_binary,,,,,,,0.5566666666666666,0.29,0.1285919540229885,0.125,0.0035919540229885,,,,,,0.1247916666666666,0.2266666666666666,0.02124999999999999,-0.0633333333333333
a0_75_primary,path-seed-16-R1,16,300,16,path,0.4,symmetric_0.20,0.2,0.2,1,True,BootstrapStabilityMWST,0.145625,0.1533333333333333,0.5416393442622951,89,False,0,0.5333333333333333,0.1035915999964345,0.0450044999888632,0.0583480000059353,-1,not_random,not_binary,,,,,,,0.52,0.2866666666666667,0.1271802325581395,0.1199127906976744,0.0072674418604651,100.0,,,,,0.1247916666666666,0.2266666666666666,0.020833333333333398,-0.0733333333333333
a0_75_primary,path-seed-16-R1,16,300,16,path,0.4,symmetric_0.20,0.2,0.2,1,True,AlternatingTreeIncidenceEstimator,0.1460416666666666,0.1633333333333333,0.548033526756931,71,False,0,0.4666666666666667,0.0524391999933868,0.0011889000015798,0.0507076000067172,-1,not_random,not_binary,,,0.0,True,False,False,0.5566666666666666,0.29,0.1285919540229885,0.125,0.0035919540229885,,,,,,0.1247916666666666,0.2266666666666666,0.02124999999999999,-0.0633333333333333
a0_75_primary,path-seed-17-R1,17,300,16,path,0.4,symmetric_0.20,0.2,0.2,1,True,TrueTreeOracle,0.1185416666666666,0.2333333333333333,0.6137135098438561,0,True,0,0.0,0.0477810000011231,0.0001732999953674,0.0473987000004854,-1,not_random,not_binary,,,,,,,0.5133333333333333,0.4866666666666667,0.1027397260273972,0.1027397260273972,0.0,,,,,,0.1185416666666666,0.2333333333333333,0.0,0.0
a0_75_primary,path-seed-17-R1,17,300,16,path,0.4,symmetric_0.20,0.2,0.2,1,True,DataAgnosticRandomTree,0.1872916666666666,0.0633333333333333,0.365561044460127,184,False,0,1.0,0.043067400009022,0.0005572000081883,0.042376699988381,0,primary,not_binary,,,,,,,0.6766666666666666,0.1866666666666666,0.1785714285714285,0.0892857142857142,0.0892857142857142,,,,,,0.1185416666666666,0.2333333333333333,0.06875,-0.17
a0_75_primary,path-seed-17-R1,17,300,16,path,0.4,symmetric_0.20,0.2,0.2,1,True,BinaryMWST,0.1816666666666666,0.1,0.5,107,False,0,0.4666666666666667,0.0451504999946337,0.0009877999982563,0.0439898999902652,-1,not_random,observed,True,True,,,,,0.63,0.23,0.1585144927536232,0.0996376811594202,0.0588768115942028,,,,,,0.1185416666666666,0.2333333333333333,0.06312499999999999,-0.1333333333333333
a0_75_primary,path-seed-17-R1,17,300,16,path,0.4,symmetric_0.20,0.2,0.2,1,True,NoiseCorrectedMWST,0.161875,0.14,0.5293761356753484,80,False,0,0.2666666666666667,0.0343405000021448,0.0008029000018723,0.0333500999986426,-1,not_random,not_binary,,,,,,,0.5833333333333334,0.3033333333333333,0.1353021978021978,0.1009615384615384,0.0343406593406593,,,,,,0.1185416666666666,0.2333333333333333,0.04333333333333339,-0.0933333333333333
a0_75_primary,path-seed-17-R1,17,300,16,path,0.4,symmetric_0.20,0.2,0.2,1,True,BootstrapStabilityMWST,0.16,0.13,0.5384615384615384,88,False,0,0.3333333333333333,0.0897853999922517,0.0438729000015882,0.0457807000057073,-1,not_random,not_binary,,,,,,,0.5433333333333333,0.3133333333333333,0.1509308510638297,0.1043882978723404,0.0465425531914893,100.0,,,,,0.1185416666666666,0.2333333333333333,0.0414583333333334,-0.1033333333333333
a0_75_primary,path-seed-17-R1,17,300,16,path,0.4,symmetric_0.20,0.2,0.2,1,True,AlternatingTreeIncidenceEstimator,0.161875,0.14,0.5293761356753484,80,False,0,0.2666666666666667,0.0393067999975755,0.0010545999975875,0.0374903000047197,-1,not_random,not_binary,,,0.0,True,False,False,0.5833333333333334,0.3033333333333333,0.1353021978021978,0.1009615384615384,0.0343406593406593,,,,,,0.1185416666666666,0.2333333333333333,0.04333333333333339,-0.0933333333333333
a0_75_primary,path-seed-18-R1,18,300,16,path,0.4,symmetric_0.20,0.2,0.2,1,True,TrueTreeOracle,0.1083333333333333,0.2866666666666667,0.6176470588235294,0,True,0,0.0,0.0459764000115683,8.38999985717237e-05,0.0458249000075738,-1,not_random,not_binary,,,,,,,0.5733333333333334,0.4266666666666667,0.09423828125,0.09423828125,0.0,,,,,,0.1083333333333333,0.2866666666666667,0.0,0.0
a0_75_primary,path-seed-18-R1,18,300,16,path,0.4,symmetric_0.20,0.2,0.2,1,True,DataAgnosticRandomTree,0.1783333333333333,0.1066666666666666,0.427807486631016,144,False,0,0.7333333333333334,0.0537131999881239,0.0004764000041177,0.0529548000049544,0,primary,not_binary,,,,,,,0.65,0.19,0.1458333333333333,0.0866228070175438,0.0592105263157894,,,,,,0.1083333333333333,0.2866666666666667,0.06999999999999999,-0.18000000000000008
a0_75_primary,path-seed-18-R1,18,300,16,path,0.4,symmetric_0.20,0.2,0.2,1,True,BinaryMWST,0.175,0.1,0.4789081885856079,109,False,0,0.4666666666666667,0.0650981000071624,0.0007078000053297,0.0642319999897154,-1,not_random,observed,True,True,,,,,0.61,0.2133333333333333,0.13671875,0.0703125,0.06640625,,,,,,0.1083333333333333,0.2866666666666667,0.0666666666666667,-0.18666666666666668
a0_75_primary,path-seed-18-R1,18,300,16,path,0.4,symmetric_0.20,0.2,0.2,1,True,NoiseCorrectedMWST,0.164375,0.0933333333333333,0.4785194976867151,110,False,0,0.4666666666666667,0.0671341999986907,0.000545000002603,0.0664592999964952,-1,not_random,not_binary,,,,,,,0.6166666666666667,0.2133333333333333,0.1337890625,0.076171875,0.0576171875,,,,,,0.1083333333333333,0.2866666666666667,0.0560416666666667,-0.19333333333333338
a0_75_primary,path-seed-18-R1,18,300,16,path,0.4,symmetric_0.20,0.2,0.2,1,True,BootstrapStabilityMWST,0.1683333333333333,0.1066666666666666,0.4488403819918145,113,False,0,0.4666666666666667,0.1033322000002954,0.0485462000069674,0.0546402000036323,-1,not_random,not_binary,,,,,,,0.6033333333333334,0.2233333333333333,0.1688432835820895,0.0951492537313432,0.0736940298507462,100.0,,,,,0.1083333333333333,0.2866666666666667,0.06000000000000001,-0.18000000000000008
a0_75_primary,path-seed-18-R1,18,300,16,path,0.4,symmetric_0.20,0.2,0.2,1,True,AlternatingTreeIncidenceEstimator,0.164375,0.0933333333333333,0.4785194976867151,110,False,0,0.4666666666666667,0.0698929999925894,0.0011113999935332,0.0681143999972846,-1,not_random,not_binary,,,0.0,True,False,False,0.6166666666666667,0.2133333333333333,0.1337890625,0.076171875,0.0576171875,,,,,,0.1083333333333333,0.2866666666666667,0.0560416666666667,-0.19333333333333338
a0_75_primary,path-seed-19-R1,19,300,16,path,0.4,symmetric_0.20,0.2,0.2,1,True,TrueTreeOracle,0.1391666666666666,0.1833333333333333,0.536754507628294,0,True,0,0.0,0.0604380000004312,0.0001508999994257,0.0600512000091839,-1,not_random,not_binary,,,,,,,0.5033333333333333,0.4966666666666666,0.1270973154362416,0.1270973154362416,0.0,,,,,,0.1391666666666666,0.1833333333333333,0.0,0.0
a0_75_primary,path-seed-19-R1,19,300,16,path,0.4,symmetric_0.20,0.2,0.2,1,True,DataAgnosticRandomTree,0.184375,0.07,0.3875432525951557,174,False,0,0.9333333333333332,0.0597215000016149,0.0005440000095404,0.0590126000024611,0,primary,not_binary,,,,,,,0.7466666666666667,0.1433333333333333,0.1482558139534883,0.0843023255813953,0.063953488372093,,,,,,0.1391666666666666,0.1833333333333333,0.045208333333333406,-0.11333333333333329
a0_75_primary,path-seed-19-R1,19,300,16,path,0.4,symmetric_0.20,0.2,0.2,1,True,BinaryMWST,0.165625,0.1233333333333333,0.491362763915547,81,False,0,0.4,0.0523863999987952,0.0005352000007405,0.0516162999992957,-1,not_random,observed,True,True,,,,,0.57,0.2933333333333333,0.1505681818181818,0.120028409090909,0.0305397727272727,,,,,,0.1391666666666666,0.1833333333333333,0.02645833333333339,-0.06
a0_75_primary,path-seed-19-R1,19,300,16,path,0.4,symmetric_0.20,0.2,0.2,1,True,NoiseCorrectedMWST,0.1533333333333333,0.1333333333333333,0.5080213903743315,63,False,0,0.3333333333333333,0.0554947999917203,0.000873800003319,0.0544676999998046,-1,not_random,not_binary,,,,,,,0.5266666666666666,0.3033333333333333,0.1201923076923077,0.1092032967032967,0.0109890109890109,,,,,,0.1391666666666666,0.1833333333333333,0.014166666666666689,-0.04999999999999999
a0_75_primary,path-seed-19-R1,19,300,16,path,0.4,symmetric_0.20,0.2,0.2,1,True,BootstrapStabilityMWST,0.1525,0.1433333333333333,0.5177865612648221,60,False,0,0.3333333333333333,0.1061886999959824,0.0426775999949313,0.0632275999960256,-1,not_random,not_binary,,,,,,,0.5566666666666666,0.3,0.1215277777777777,0.1104166666666666,0.0111111111111111,100.0,,,,,0.1391666666666666,0.1833333333333333,0.013333333333333391,-0.03999999999999998
a0_75_primary,path-seed-19-R1,19,300,16,path,0.4,symmetric_0.20,0.2,0.2,1,True,AlternatingTreeIncidenceEstimator,0.1533333333333333,0.1333333333333333,0.5080213903743315,63,False,0,0.3333333333333333,0.0602308999950764,0.0021547000069404,0.057112300011795,-1,not_random,not_binary,,,0.0,True,False,False,0.5266666666666666,0.3033333333333333,0.1201923076923077,0.1092032967032967,0.0109890109890109,,,,,,0.1391666666666666,0.1833333333333333,0.014166666666666689,-0.04999999999999999
a0_75_primary,path-seed-20-R1,20,300,16,path,0.4,symmetric_0.20,0.2,0.2,1,True,TrueTreeOracle,0.12125,0.2266666666666666,0.593006993006993,0,True,0,0.0,0.0491929999989224,0.0001440000050934,0.0489431000023614,-1,not_random,not_binary,,,,,,,0.5466666666666666,0.4533333333333333,0.1135110294117647,0.1135110294117647,0.0,,,,,,0.12125,0.2266666666666666,0.0,0.0
a0_75_primary,path-seed-20-R1,20,300,16,path,0.4,symmetric_0.20,0.2,0.2,1,True,DataAgnosticRandomTree,0.1858333333333333,0.0566666666666666,0.3628571428571428,182,False,0,0.9333333333333332,0.0650527999969199,0.0009951999963959,0.0639267999940784,0,primary,not_binary,,,,,,,0.6566666666666666,0.1966666666666666,0.1811440677966101,0.1069915254237288,0.0741525423728813,,,,,,0.12125,0.2266666666666666,0.0645833333333333,-0.16999999999999998
a0_75_primary,path-seed-20-R1,20,300,16,path,0.4,symmetric_0.20,0.2,0.2,1,True,BinaryMWST,0.1797916666666666,0.0866666666666666,0.4938416422287389,95,False,0,0.5333333333333333,0.0457624999980907,0.0006808000034652,0.0450111999962246,-1,not_random,observed,True,True,,,,,0.5833333333333334,0.2166666666666666,0.1615384615384615,0.1009615384615384,0.060576923076923,,,,,,0.12125,0.2266666666666666,0.0585416666666666,-0.14
a0_75_primary,path-seed-20-R1,20,300,16,path,0.4,symmetric_0.20,0.2,0.2,1,True,NoiseCorrectedMWST,0.170625,0.11,0.4941321803582459,89,False,0,0.4666666666666667,0.0600405000004684,0.0004782000032719,0.0593474000052083,-1,not_random,not_binary,,,,,,,0.5866666666666667,0.23,0.1567028985507246,0.1077898550724637,0.0489130434782608,,,,,,0.12125,0.2266666666666666,0.049375,-0.1166666666666666
a0_75_primary,path-seed-20-R1,20,300,16,path,0.4,symmetric_0.20,0.2,0.2,1,True,BootstrapStabilityMWST,0.16375,0.1066666666666666,0.4993630573248407,103,False,0,0.4666666666666667,0.0917281000001821,0.0459983000037027,0.0456597999873338,-1,not_random,not_binary,,,,,,,0.5566666666666666,0.2433333333333333,0.1515410958904109,0.1164383561643835,0.0351027397260274,100.0,,,,,0.12125,0.2266666666666666,0.04250000000000001,-0.12
a0_75_primary,path-seed-20-R1,20,300,16,path,0.4,symmetric_0.20,0.2,0.2,1,True,AlternatingTreeIncidenceEstimator,0.170625,0.11,0.4941321803582459,89,False,0,0.4666666666666667,0.053786400007084,0.0009923999896273,0.0522384999931091,-1,not_random,not_binary,,,0.0,True,False,False,0.5866666666666667,0.23,0.1567028985507246,0.1077898550724637,0.0489130434782608,,,,,,0.12125,0.2266666666666666,0.049375,-0.1166666666666666
a0_75_primary,path-seed-21-R1,21,300,16,path,0.4,symmetric_0.20,0.2,0.2,1,True,TrueTreeOracle,0.115,0.2666666666666666,0.6295302013422819,0,True,0,0.0,0.0665985999949043,0.0001575000060256,0.0661917999968864,-1,not_random,not_binary,,,,,,,0.51,0.49,0.1062925170068027,0.1062925170068027,0.0,,,,,,0.115,0.2666666666666666,0.0,0.0
a0_75_primary,path-seed-21-R1,21,300,16,path,0.4,symmetric_0.20,0.2,0.2,1,True,DataAgnosticRandomTree,0.1908333333333333,0.07,0.3777173913043478,184,False,0,0.9333333333333332,0.0638078000047244,0.0008914999925764,0.0626623999996809,0,primary,not_binary,,,,,,,0.7066666666666667,0.1666666666666666,0.18125,0.09,0.09125,,,,,,0.115,0.2666666666666666,0.0758333333333333,-0.1966666666666666
a0_75_primary,path-seed-21-R1,21,300,16,path,0.4,symmetric_0.20,0.2,0.2,1,True,BinaryMWST,0.1504166666666666,0.1333333333333333,0.5441919191919192,87,False,0,0.4,0.0568930000008549,0.0005934999935561,0.0560439999972004,-1,not_random,observed,True,True,,,,,0.5166666666666667,0.2866666666666667,0.1257267441860465,0.1039244186046511,0.0218023255813953,,,,,,0.115,0.2666666666666666,0.03541666666666658,-0.1333333333333333
a0_75_primary,path-seed-21-R1,21,300,16,path,0.4,symmetric_0.20,0.2,0.2,1,True,NoiseCorrectedMWST,0.1504166666666666,0.1333333333333333,0.5441919191919192,87,False,0,0.4,0.0537803000042913,0.000348399989889,0.0533003000018652,-1,not_random,not_binary,,,,,,,0.5166666666666667,0.2866666666666667,0.1257267441860465,0.1039244186046511,0.0218023255813953,,,,,,0.115,0.2666666666666666,0.03541666666666658,-0.1333333333333333
a0_75_primary,path-seed-21-R1,21,300,16,path,0.4,symmetric_0.20,0.2,0.2,1,True,BootstrapStabilityMWST,0.1447916666666666,0.1533333333333333,0.5530546623794212,86,False,0,0.4,0.1057623000087915,0.0471246999950381,0.0584292999992612,-1,not_random,not_binary,,,,,,,0.5633333333333334,0.2666666666666666,0.11875,0.103125,0.015625,100.0,,,,,0.115,0.2666666666666666,0.02979166666666659,-0.11333333333333331
a0_75_primary,path-seed-21-R1,21,300,16,path,0.4,symmetric_0.20,0.2,0.2,1,True,AlternatingTreeIncidenceEstimator,0.1504166666666666,0.1333333333333333,0.5441919191919192,87,False,0,0.4,0.0659668000007513,0.0017453999898862,0.0634771999903023,-1,not_random,not_binary,,,0.0,True,False,False,0.5166666666666667,0.2866666666666667,0.1257267441860465,0.1039244186046511,0.0218023255813953,,,,,,0.115,0.2666666666666666,0.03541666666666658,-0.1333333333333333
a0_75_primary,path-seed-22-R1,22,300,16,path,0.4,symmetric_0.20,0.2,0.2,1,True,TrueTreeOracle,0.12125,0.2566666666666666,0.5806916426512968,0,True,0,0.0,0.040406800006167,0.0001697999978205,0.0399934999877586,-1,not_random,not_binary,,,,,,,0.5366666666666666,0.4633333333333333,0.1088129496402877,0.1088129496402877,0.0,,,,,,0.12125,0.2566666666666666,0.0,0.0
a0_75_primary,path-seed-22-R1,22,300,16,path,0.4,symmetric_0.20,0.2,0.2,1,True,DataAgnosticRandomTree,0.2075,0.0433333333333333,0.3490196078431373,178,False,0,1.0,0.0486868000007234,0.0010460999910719,0.0474293000006582,0,primary,not_binary,,,,,,,0.6566666666666666,0.1366666666666666,0.2210365853658536,0.1067073170731707,0.1143292682926829,,,,,,0.12125,0.2566666666666666,0.08625,-0.2133333333333333
a0_75_primary,path-seed-22-R1,22,300,16,path,0.4,symmetric_0.20,0.2,0.2,1,True,BinaryMWST,0.1602083333333333,0.1266666666666666,0.4736481861738535,102,False,0,0.5333333333333333,0.0663858000043546,0.0002931000053649,0.0659207999997306,-1,not_random,observed,True,True,,,,,0.5366666666666666,0.2766666666666666,0.1272590361445783,0.1016566265060241,0.0256024096385542,,,,,,0.12125,0.2566666666666666,0.03895833333333332,-0.13
a0_75_primary,path-seed-22-R1,22,300,16,path,0.4,symmetric_0.20,0.2,0.2,1,True,NoiseCorrectedMWST,0.1535416666666666,0.14,0.4927735719201652,84,False,0,0.4,0.0840093000006163,0.0005833000031998,0.0832662999891908,-1,not_random,not_binary,,,,,,,0.53,0.2966666666666667,0.1123595505617977,0.0912921348314606,0.021067415730337,,,,,,0.12125,0.2566666666666666,0.03229166666666661,-0.11666666666666659
a0_75_primary,path-seed-22-R1,22,300,16,path,0.4,symmetric_0.20,0.2,0.2,1,True,BootstrapStabilityMWST,0.156875,0.13,0.4745289602233077,92,False,0,0.4666666666666667,0.0988381999923149,0.0399044000077992,0.058720799992443,-1,not_random,not_binary,,,,,,,0.5433333333333333,0.2866666666666667,0.1162790697674418,0.1017441860465116,0.0145348837209302,100.0,,,,,0.12125,0.2566666666666666,0.03562499999999999,-0.1266666666666666
a0_75_primary,path-seed-22-R1,22,300,16,path,0.4,symmetric_0.20,0.2,0.2,1,True,AlternatingTreeIncidenceEstimator,0.1535416666666666,0.14,0.4927735719201652,84,False,0,0.4,0.0671779999975115,0.0016125999973155,0.0651291999965906,-1,not_random,not_binary,,,0.0,True,False,False,0.53,0.2966666666666667,0.1123595505617977,0.0912921348314606,0.021067415730337,,,,,,0.12125,0.2566666666666666,0.03229166666666661,-0.11666666666666659
a0_75_primary,path-seed-23-R1,23,300,16,path,0.4,symmetric_0.20,0.2,0.2,1,True,TrueTreeOracle,0.1222916666666666,0.24,0.5712198685171659,0,True,0,0.0,0.0492786999966483,7.789999654050916e-05,0.0490913999965414,-1,not_random,not_binary,,,,,,,0.57,0.43,0.1099806201550387,0.1099806201550387,0.0,,,,,,0.1222916666666666,0.24,0.0,0.0
a0_75_primary,path-seed-23-R1,23,300,16,path,0.4,symmetric_0.20,0.2,0.2,1,True,DataAgnosticRandomTree,0.1891666666666666,0.06,0.3797814207650273,178,False,0,0.9333333333333332,0.0425405999994836,0.0003107000084128,0.0420792999939294,0,primary,not_binary,,,,,,,0.6866666666666666,0.1566666666666666,0.1449468085106383,0.1063829787234042,0.038563829787234,,,,,,0.1222916666666666,0.24,0.06687499999999999,-0.18
a0_75_primary,path-seed-23-R1,23,300,16,path,0.4,symmetric_0.20,0.2,0.2,1,True,BinaryMWST,0.175,0.1,0.4559585492227979,114,False,0,0.6,0.0379523000010522,0.0005310999986249,0.0372239999996963,-1,not_random,observed,True,True,,,,,0.5866666666666667,0.23,0.1539855072463768,0.1068840579710145,0.0471014492753623,,,,,,0.1222916666666666,0.24,0.052708333333333385,-0.13999999999999999
a0_75_primary,path-seed-23-R1,23,300,16,path,0.4,symmetric_0.20,0.2,0.2,1,True,NoiseCorrectedMWST,0.1583333333333333,0.1233333333333333,0.4912985274431057,92,False,0,0.4666666666666667,0.0360779000038746,0.0007393999985652,0.0349706999986665,-1,not_random,not_binary,,,,,,,0.59,0.2466666666666666,0.1300675675675675,0.1072635135135135,0.022804054054054,,,,,,0.1222916666666666,0.24,0.036041666666666694,-0.1166666666666667
a0_75_primary,path-seed-23-R1,23,300,16,path,0.4,symmetric_0.20,0.2,0.2,1,True,BootstrapStabilityMWST,0.1597916666666666,0.1433333333333333,0.5003257328990229,75,False,0,0.4,0.0754203999968012,0.0427339000016218,0.0325331999920308,-1,not_random,not_binary,,,,,,,0.61,0.2433333333333333,0.1275684931506849,0.1010273972602739,0.0265410958904109,100.0,,,,,0.1222916666666666,0.24,0.037500000000000006,-0.09666666666666668
a0_75_primary,path-seed-23-R1,23,300,16,path,0.4,symmetric_0.20,0.2,0.2,1,True,AlternatingTreeIncidenceEstimator,0.1583333333333333,0.1233333333333333,0.4912985274431057,92,False,0,0.4666666666666667,0.0395486999914282,0.0011609999928623,0.0378031000000191,-1,not_random,not_binary,,,0.0,True,False,False,0.59,0.2466666666666666,0.1300675675675675,0.1072635135135135,0.022804054054054,,,,,,0.1222916666666666,0.24,0.036041666666666694,-0.1166666666666667
a0_75_primary,path-seed-24-R1,24,300,16,path,0.4,symmetric_0.20,0.2,0.2,1,True,TrueTreeOracle,0.1145833333333333,0.28,0.6159217877094972,0,True,0,0.0,0.0588251000008313,0.0001386000076308,0.0585730000020703,-1,not_random,not_binary,,,,,,,0.5333333333333333,0.4666666666666667,0.1138392857142857,0.1138392857142857,0.0,,,,,,0.1145833333333333,0.28,0.0,0.0
a0_75_primary,path-seed-24-R1,24,300,16,path,0.4,symmetric_0.20,0.2,0.2,1,True,DataAgnosticRandomTree,0.1845833333333333,0.08,0.3872752420470262,170,False,0,0.8666666666666667,0.0366646000038599,0.0001912000006996,0.0362576000043191,0,primary,not_binary,,,,,,,0.66,0.1833333333333333,0.184090909090909,0.1272727272727272,0.0568181818181818,,,,,,0.1145833333333333,0.28,0.06999999999999999,-0.2
a0_75_primary,path-seed-24-R1,24,300,16,path,0.4,symmetric_0.20,0.2,0.2,1,True,BinaryMWST,0.1560416666666666,0.1166666666666666,0.5183279742765273,74,False,0,0.3333333333333333,0.0301933000009739,0.0005397000059019,0.0295760000008158,-1,not_random,observed,True,True,,,,,0.61,0.2466666666666666,0.143581081081081,0.1216216216216216,0.0219594594594594,,,,,,0.1145833333333333,0.28,0.041458333333333305,-0.16333333333333344
a0_75_primary,path-seed-24-R1,24,300,16,path,0.4,symmetric_0.20,0.2,0.2,1,True,NoiseCorrectedMWST,0.1520833333333333,0.13,0.5272020725388601,69,False,0,0.2666666666666667,0.037212900002487,0.0002849000011337,0.0368582999944919,-1,not_random,not_binary,,,,,,,0.6033333333333334,0.2666666666666666,0.13671875,0.11875,0.01796875,,,,,,0.1145833333333333,0.28,0.03749999999999999,-0.15000000000000002
a0_75_primary,path-seed-24-R1,24,300,16,path,0.4,symmetric_0.20,0.2,0.2,1,True,BootstrapStabilityMWST,0.1520833333333333,0.13,0.5272020725388601,69,False,0,0.2666666666666667,0.084848200000124,0.0368138000048929,0.0479437000030884,-1,not_random,not_binary,,,,,,,0.6033333333333334,0.2666666666666666,0.13671875,0.11875,0.01796875,100.0,,,,,0.1145833333333333,0.28,0.03749999999999999,-0.15000000000000002
a0_75_primary,path-seed-24-R1,24,300,16,path,0.4,symmetric_0.20,0.2,0.2,1,True,AlternatingTreeIncidenceEstimator,0.1520833333333333,0.13,0.5272020725388601,69,False,0,0.2666666666666667,0.0551666000101249,0.001118000014685,0.0535576000111177,-1,not_random,not_binary,,,0.0,True,False,False,0.6033333333333334,0.2666666666666666,0.13671875,0.11875,0.01796875,,,,,,0.1145833333333333,0.28,0.03749999999999999,-0.15000000000000002
a0_75_primary,path-seed-25-R1,25,300,16,path,0.4,symmetric_0.20,0.2,0.2,1,True,TrueTreeOracle,0.1177083333333333,0.2466666666666666,0.6046186144156753,0,True,0,0.0,0.0543122000090079,0.0001625000004423,0.0540707000036491,-1,not_random,not_binary,,,,,,,0.59,0.41,0.1082317073170731,0.1082317073170731,0.0,,,,,,0.1177083333333333,0.2466666666666666,0.0,0.0
a0_75_primary,path-seed-25-R1,25,300,16,path,0.4,symmetric_0.20,0.2,0.2,1,True,DataAgnosticRandomTree,0.175625,0.0566666666666666,0.4214138641043239,177,False,0,0.8666666666666667,0.0592555000039283,0.0003261999954702,0.0588087000069208,0,primary,not_binary,,,,,,,0.6566666666666666,0.1266666666666666,0.1924342105263158,0.1184210526315789,0.0740131578947368,,,,,,0.1177083333333333,0.2466666666666666,0.0579166666666667,-0.19
a0_75_primary,path-seed-25-R1,25,300,16,path,0.4,symmetric_0.20,0.2,0.2,1,True,BinaryMWST,0.1447916666666666,0.1366666666666666,0.5448592010478062,86,False,0,0.4,0.0507892000023275,0.000705200000084,0.0499022999865701,-1,not_random,observed,True,True,,,,,0.5933333333333334,0.2266666666666666,0.1213235294117647,0.1176470588235294,0.0036764705882352,,,,,,0.1177083333333333,0.2466666666666666,0.027083333333333293,-0.10999999999999999
a0_75_primary,path-seed-25-R1,25,300,16,path,0.4,symmetric_0.20,0.2,0.2,1,True,NoiseCorrectedMWST,0.1460416666666666,0.1366666666666666,0.5456902138690861,84,False,0,0.3333333333333333,0.0507403000083286,0.0009935999987646,0.0495892000035382,-1,not_random,not_binary,,,,,,,0.57,0.25,0.1316666666666666,0.1,0.0316666666666666,,,,,,0.1177083333333333,0.2466666666666666,0.028333333333333294,-0.10999999999999999
a0_75_primary,path-seed-25-R1,25,300,16,path,0.4,symmetric_0.20,0.2,0.2,1,True,BootstrapStabilityMWST,0.1439583333333333,0.15,0.5492498369210699,82,False,0,0.3333333333333333,0.0926887999958125,0.039888700004667,0.0526290999987395,-1,not_random,not_binary,,,,,,,0.55,0.2666666666666666,0.1265625,0.09921875,0.02734375,100.0,,,,,0.1177083333333333,0.2466666666666666,0.026249999999999996,-0.0966666666666666
a0_75_primary,path-seed-25-R1,25,300,16,path,0.4,symmetric_0.20,0.2,0.2,1,True,AlternatingTreeIncidenceEstimator,0.1460416666666666,0.1366666666666666,0.5456902138690861,84,False,0,0.3333333333333333,0.0463677000079769,0.0015324000123655,0.04420210000535,-1,not_random,not_binary,,,0.0,True,False,False,0.57,0.25,0.1316666666666666,0.1,0.0316666666666666,,,,,,0.1177083333333333,0.2466666666666666,0.028333333333333294,-0.10999999999999999
a0_75_primary,path-seed-26-R1,26,300,16,path,0.4,symmetric_0.20,0.2,0.2,1,True,TrueTreeOracle,0.1172916666666666,0.2233333333333333,0.6038001407459536,0,True,0,0.0,0.0579264999978477,0.0001195999939227,0.057619600003818,-1,not_random,not_binary,,,,,,,0.51,0.49,0.1067176870748299,0.1067176870748299,0.0,,,,,,0.1172916666666666,0.2233333333333333,0.0,0.0
a0_75_primary,path-seed-26-R1,26,300,16,path,0.4,symmetric_0.20,0.2,0.2,1,True,DataAgnosticRandomTree,0.1966666666666666,0.0433333333333333,0.3878080415045395,175,False,0,0.9333333333333332,0.0428467000019736,0.0010076999897137,0.0417592999874614,0,primary,not_binary,,,,,,,0.7166666666666667,0.17,0.1973039215686274,0.0992647058823529,0.0980392156862745,,,,,,0.1172916666666666,0.2233333333333333,0.079375,-0.18
a0_75_primary,path-seed-26-R1,26,300,16,path,0.4,symmetric_0.20,0.2,0.2,1,True,BinaryMWST,0.1952083333333333,0.0733333333333333,0.4803105934553522,99,False,0,0.5333333333333333,0.0494570000009844,0.0004886999959126,0.0488901999924564,-1,not_random,observed,True,True,,,,,0.6066666666666667,0.23,0.1847826086956521,0.1014492753623188,0.0833333333333333,,,,,,0.1172916666666666,0.2233333333333333,0.07791666666666669,-0.15
a0_75_primary,path-seed-26-R1,26,300,16,path,0.4,symmetric_0.20,0.2,0.2,1,True,NoiseCorrectedMWST,0.1685416666666666,0.12,0.4953212726138491,94,False,0,0.4,0.0429131999990204,0.0002899999963119,0.0425476000091293,-1,not_random,not_binary,,,,,,,0.59,0.28,0.1436011904761904,0.1086309523809523,0.034970238095238,,,,,,0.1172916666666666,0.2233333333333333,0.05124999999999999,-0.1033333333333333
a0_75_primary,path-seed-26-R1,26,300,16,path,0.4,symmetric_0.20,0.2,0.2,1,True,BootstrapStabilityMWST,0.1652083333333333,0.12,0.512,82,False,0,0.4,0.0846476999868173,0.0314479000080609,0.0529571000079158,-1,not_random,not_binary,,,,,,,0.56,0.3,0.1402777777777777,0.1020833333333333,0.0381944444444444,100.0,,,,,0.1172916666666666,0.2233333333333333,0.04791666666666669,-0.1033333333333333
a0_75_primary,path-seed-26-R1,26,300,16,path,0.4,symmetric_0.20,0.2,0.2,1,True,AlternatingTreeIncidenceEstimator,0.1685416666666666,0.12,0.4953212726138491,94,False,0,0.4,0.0458736000000499,0.001619100003154,0.0432605999958468,-1,not_random,not_binary,,,0.0,True,False,False,0.59,0.28,0.1436011904761904,0.1086309523809523,0.034970238095238,,,,,,0.1172916666666666,0.2233333333333333,0.05124999999999999,-0.1033333333333333
a0_75_primary,path-seed-27-R1,27,300,16,path,0.4,symmetric_0.20,0.2,0.2,1,True,TrueTreeOracle,0.1254166666666666,0.28,0.5778401122019636,0,True,0,0.0,0.0513420999923255,0.0001313999964622,0.0510827999969478,-1,not_random,not_binary,,,,,,,0.5066666666666667,0.4933333333333333,0.1169763513513513,0.1169763513513513,0.0,,,,,,0.1254166666666666,0.28,0.0,0.0
a0_75_primary,path-seed-27-R1,27,300,16,path,0.4,symmetric_0.20,0.2,0.2,1,True,DataAgnosticRandomTree,0.1795833333333333,0.0666666666666666,0.3842857142857143,172,False,0,0.9333333333333332,0.0529595999978482,0.0004426999948918,0.0524021000019274,0,primary,not_binary,,,,,,,0.6766666666666666,0.18,0.1863425925925926,0.1192129629629629,0.0671296296296296,,,,,,0.1254166666666666,0.28,0.054166666666666696,-0.21333333333333343
a0_75_primary,path-seed-27-R1,27,300,16,path,0.4,symmetric_0.20,0.2,0.2,1,True,BinaryMWST,0.1575,0.17,0.5065274151436032,67,False,0,0.3333333333333333,0.0618115000106627,0.0010154000046895,0.0607043999916641,-1,not_random,observed,True,True,,,,,0.5333333333333333,0.33,0.1464646464646464,0.1148989898989899,0.0315656565656565,,,,,,0.1254166666666666,0.28,0.03208333333333341,-0.11000000000000001
a0_75_primary,path-seed-27-R1,27,300,16,path,0.4,symmetric_0.20,0.2,0.2,1,True,NoiseCorrectedMWST,0.1560416666666666,0.19,0.5226258763543657,50,False,0,0.3333333333333333,0.0620181000122102,0.0007060999923851,0.0610163000092143,-1,not_random,not_binary,,,,,,,0.5266666666666666,0.3333333333333333,0.145,0.123125,0.021875,,,,,,0.1254166666666666,0.28,0.030625000000000013,-0.09000000000000002
a0_75_primary,path-seed-27-R1,27,300,16,path,0.4,symmetric_0.20,0.2,0.2,1,True,BootstrapStabilityMWST,0.1485416666666666,0.2066666666666666,0.5318450426789231,61,False,0,0.2666666666666667,0.1026149999961489,0.0538314000004902,0.048563299991656,-1,not_random,not_binary,,,,,,,0.5233333333333333,0.36,0.136574074074074,0.1180555555555555,0.0185185185185185,100.0,,,,,0.1254166666666666,0.28,0.023125000000000007,-0.07333333333333342
a0_75_primary,path-seed-27-R1,27,300,16,path,0.4,symmetric_0.20,0.2,0.2,1,True,AlternatingTreeIncidenceEstimator,0.1560416666666666,0.19,0.5226258763543657,50,False,0,0.3333333333333333,0.060461299988674,0.0019074000010732,0.0578739000047789,-1,not_random,not_binary,,,0.0,True,False,False,0.5266666666666666,0.3333333333333333,0.145,0.123125,0.021875,,,,,,0.1254166666666666,0.28,0.030625000000000013,-0.09000000000000002
a0_75_primary,path-seed-28-R1,28,300,16,path,0.4,symmetric_0.20,0.2,0.2,1,True,TrueTreeOracle,0.1195833333333333,0.2466666666666666,0.5923295454545454,0,True,0,0.0,0.0629674000083468,0.0001468999980716,0.0626468999980716,-1,not_random,not_binary,,,,,,,0.4933333333333333,0.5066666666666667,0.1048519736842105,0.1048519736842105,0.0,,,,,,0.1195833333333333,0.2466666666666666,0.0,0.0
a0_75_primary,path-seed-28-R1,28,300,16,path,0.4,symmetric_0.20,0.2,0.2,1,True,DataAgnosticRandomTree,0.1885416666666666,0.07,0.3814080656185919,180,False,0,0.8666666666666667,0.0572631999966688,0.0007687999896006,0.0564080000040121,0,primary,not_binary,,,,,,,0.6566666666666666,0.1933333333333333,0.1767241379310344,0.1099137931034482,0.0668103448275862,,,,,,0.1195833333333333,0.2466666666666666,0.0689583333333333,-0.17666666666666658
a0_75_primary,path-seed-28-R1,28,300,16,path,0.4,symmetric_0.20,0.2,0.2,1,True,BinaryMWST,0.1616666666666666,0.1266666666666666,0.496757457846952,92,False,0,0.4,0.0423508000094443,0.0003663000097731,0.0418738000007579,-1,not_random,observed,True,True,,,,,0.5966666666666667,0.28,0.1331845238095238,0.1019345238095238,0.03125,,,,,,0.1195833333333333,0.2466666666666666,0.04208333333333329,-0.12
a0_75_primary,path-seed-28-R1,28,300,16,path,0.4,symmetric_0.20,0.2,0.2,1,True,NoiseCorrectedMWST,0.146875,0.1633333333333333,0.5321831453218315,54,False,0,0.2666666666666667,0.0429142999928444,0.0004826999938813,0.0423211000015726,-1,not_random,not_binary,,,,,,,0.5066666666666667,0.36,0.1232638888888889,0.0931712962962963,0.0300925925925925,,,,,,0.1195833333333333,0.2466666666666666,0.0272916666666667,-0.08333333333333329
a0_75_primary,path-seed-28-R1,28,300,16,path,0.4,symmetric_0.20,0.2,0.2,1,True,BootstrapStabilityMWST,0.1452083333333333,0.19,0.5293720459149224,45,False,0,0.1999999999999999,0.0954942000098526,0.056088199999067,0.0392292000033194,-1,not_random,not_binary,,,,,,,0.53,0.3633333333333333,0.1198394495412844,0.0951834862385321,0.0246559633027522,100.0,,,,,0.1195833333333333,0.2466666666666666,0.025624999999999995,-0.05666666666666659
a0_75_primary,path-seed-28-R1,28,300,16,path,0.4,symmetric_0.20,0.2,0.2,1,True,AlternatingTreeIncidenceEstimator,0.146875,0.1633333333333333,0.5321831453218315,54,False,0,0.2666666666666667,0.0444578999886289,0.0010105999972438,0.0431533999944804,-1,not_random,not_binary,,,0.0,True,False,False,0.5066666666666667,0.36,0.1232638888888889,0.0931712962962963,0.0300925925925925,,,,,,0.1195833333333333,0.2466666666666666,0.0272916666666667,-0.08333333333333329
a0_75_primary,path-seed-29-R1,29,300,16,path,0.4,symmetric_0.20,0.2,0.2,1,True,TrueTreeOracle,0.1179166666666666,0.2533333333333333,0.5862573099415205,0,True,0,0.0,0.0495391000004019,9.010000212583692e-05,0.0492602000012993,-1,not_random,not_binary,,,,,,,0.5133333333333333,0.4866666666666667,0.0950342465753424,0.0950342465753424,0.0,,,,,,0.1179166666666666,0.2533333333333333,0.0,0.0
a0_75_primary,path-seed-29-R1,29,300,16,path,0.4,symmetric_0.20,0.2,0.2,1,True,DataAgnosticRandomTree,0.1839583333333333,0.06,0.3838101884159107,187,False,0,0.9333333333333332,0.0600265000102808,0.0008841999951982,0.0590308999962871,0,primary,not_binary,,,,,,,0.61,0.2033333333333333,0.180327868852459,0.0778688524590164,0.1024590163934426,,,,,,0.1179166666666666,0.2533333333333333,0.0660416666666667,-0.1933333333333333
a0_75_primary,path-seed-29-R1,29,300,16,path,0.4,symmetric_0.20,0.2,0.2,1,True,BinaryMWST,0.1470833333333333,0.15,0.5274431057563588,55,False,0,0.3333333333333333,0.0380322999990312,0.0003775999939534,0.0375869999988935,-1,not_random,observed,True,True,,,,,0.5266666666666666,0.3166666666666666,0.1151315789473684,0.0921052631578947,0.0230263157894736,,,,,,0.1179166666666666,0.2533333333333333,0.029166666666666688,-0.1033333333333333
a0_75_primary,path-seed-29-R1,29,300,16,path,0.4,symmetric_0.20,0.2,0.2,1,True,NoiseCorrectedMWST,0.1479166666666666,0.15,0.5183175033921303,55,False,0,0.3333333333333333,0.0448858000017935,0.0002848000003723,0.0444838999974308,-1,not_random,not_binary,,,,,,,0.5,0.31,0.1209677419354838,0.0920698924731182,0.0288978494623655,,,,,,0.1179166666666666,0.2533333333333333,0.030000000000000013,-0.1033333333333333
a0_75_primary,path-seed-29-R1,29,300,16,path,0.4,symmetric_0.20,0.2,0.2,1,True,BootstrapStabilityMWST,0.1533333333333333,0.1433333333333333,0.5080213903743316,64,False,0,0.3333333333333333,0.0734246000065468,0.0356350000074598,0.0376978999993298,-1,not_random,not_binary,,,,,,,0.5,0.31,0.127016129032258,0.0900537634408602,0.0369623655913978,100.0,,,,,0.1179166666666666,0.2533333333333333,0.035416666666666693,-0.10999999999999999
a0_75_primary,path-seed-29-R1,29,300,16,path,0.4,symmetric_0.20,0.2,0.2,1,True,AlternatingTreeIncidenceEstimator,0.1479166666666666,0.15,0.5183175033921303,55,False,0,0.3333333333333333,0.0466948999965097,0.0008501000120304,0.0453655000019352,-1,not_random,not_binary,,,0.0,True,False,False,0.5,0.31,0.1209677419354838,0.0920698924731182,0.0288978494623655,,,,,,0.1179166666666666,0.2533333333333333,0.030000000000000013,-0.1033333333333333
a0_75_primary,star-seed-00-R1,0,300,16,star,0.4,symmetric_0.20,0.2,0.2,1,True,TrueTreeOracle,0.21375,0.06,0.6657980456026059,0,True,0,0.0,0.0478556000016396,9.499999578110874e-05,0.0476587000011932,-1,not_random,not_binary,,,,,,,0.09,0.91,0.228021978021978,0.228021978021978,0.0,,,,,,0.21375,0.06,0.0,0.0
a0_75_primary,star-seed-00-R1,0,300,16,star,0.4,symmetric_0.20,0.2,0.2,1,True,DataAgnosticRandomTree,0.2210416666666666,0.0633333333333333,0.5853849159828058,140,False,0,0.8666666666666667,0.0569816000061109,0.0004946999979438,0.0561848000070313,0,primary,not_binary,,,,,,,0.7,0.29,0.2277298850574712,0.2334770114942528,-0.0057471264367816,,,,,,0.21375,0.06,0.007291666666666613,0.0033333333333332993
a0_75_primary,star-seed-00-R1,0,300,16,star,0.4,symmetric_0.20,0.2,0.2,1,True,BinaryMWST,0.21375,0.06,0.6657980456026059,0,True,0,0.0,0.049226200004341,0.0005431000026874,0.0486072000057902,-1,not_random,observed,True,True,,,,,0.09,0.91,0.228021978021978,0.228021978021978,0.0,,,,,,0.21375,0.06,0.0,0.0
a0_75_primary,star-seed-00-R1,0,300,16,star,0.4,symmetric_0.20,0.2,0.2,1,True,NoiseCorrectedMWST,0.2102083333333333,0.0533333333333333,0.6603837091888254,66,False,0,0.1333333333333333,0.0433905999962007,0.0002890999894589,0.0430352000112179,-1,not_random,not_binary,,,,,,,0.2833333333333333,0.7066666666666667,0.2284787735849056,0.2246462264150943,0.0038325471698113,,,,,,0.21375,0.06,-0.003541666666666693,-0.006666666666666696
a0_75_primary,star-seed-00-R1,0,300,16,star,0.4,symmetric_0.20,0.2,0.2,1,True,BootstrapStabilityMWST,0.2085416666666666,0.0533333333333333,0.6539923954372623,88,False,0,0.1999999999999999,0.1105641999893123,0.0465512999944621,0.0639432999887503,-1,not_random,not_binary,,,,,,,0.43,0.56,0.2291666666666666,0.2287946428571428,0.0003720238095238,100.0,,,,,0.21375,0.06,-0.005208333333333398,-0.006666666666666696
a0_75_primary,star-seed-00-R1,0,300,16,star,0.4,symmetric_0.20,0.2,0.2,1,True,AlternatingTreeIncidenceEstimator,0.2102083333333333,0.0533333333333333,0.6603837091888254,66,False,0,0.1333333333333333,0.0534906999964732,0.0014000000082887,0.0512506999948527,-1,not_random,not_binary,,,0.0,True,False,False,0.2833333333333333,0.7066666666666667,0.2284787735849056,0.2246462264150943,0.0038325471698113,,,,,,0.21375,0.06,-0.003541666666666693,-0.006666666666666696
a0_75_primary,star-seed-01-R1,1,300,16,star,0.4,symmetric_0.20,0.2,0.2,1,True,TrueTreeOracle,0.2189583333333333,0.0466666666666666,0.6148772444118725,0,True,0,0.0,0.0568272999953478,9.43000050028786e-05,0.0566627000080188,-1,not_random,not_binary,,,,,,,0.08,0.92,0.2298460144927536,0.2298460144927536,0.0,,,,,,0.2189583333333333,0.0466666666666666,0.0,0.0
a0_75_primary,star-seed-01-R1,1,300,16,star,0.4,symmetric_0.20,0.2,0.2,1,True,DataAgnosticRandomTree,0.2191666666666666,0.0466666666666666,0.5430060816681147,110,False,0,0.9333333333333332,0.0485565999988466,0.0001833999995142,0.0482733999961055,0,primary,not_binary,,,,,,,0.5066666666666667,0.47,0.2535460992907801,0.2296099290780142,0.0239361702127659,,,,,,0.2189583333333333,0.0466666666666666,0.00020833333333328263,0.0
a0_75_primary,star-seed-01-R1,1,300,16,star,0.4,symmetric_0.20,0.2,0.2,1,True,BinaryMWST,0.2189583333333333,0.0466666666666666,0.6148772444118725,0,True,0,0.0,0.0425060999987181,0.0004634000069927,0.0418705999909434,-1,not_random,observed,True,True,,,,,0.08,0.92,0.2298460144927536,0.2298460144927536,0.0,,,,,,0.2189583333333333,0.0466666666666666,0.0,0.0
a0_75_primary,star-seed-01-R1,1,300,16,star,0.4,symmetric_0.20,0.2,0.2,1,True,NoiseCorrectedMWST,0.2170833333333333,0.0533333333333333,0.6094452773613194,23,False,0,0.0666666666666666,0.0497138999926392,0.0007397000008495,0.0488505999965127,-1,not_random,not_binary,,,,,,,0.2333333333333333,0.7666666666666667,0.2309782608695652,0.2309782608695652,0.0,,,,,,0.2189583333333333,0.0466666666666666,-0.0018750000000000155,0.006666666666666703
a0_75_primary,star-seed-01-R1,1,300,16,star,0.4,symmetric_0.20,0.2,0.2,1,True,BootstrapStabilityMWST,0.2170833333333333,0.0533333333333333,0.6050037907505686,45,False,0,0.1333333333333333,0.0825782000028994,0.0451083000079961,0.0373933999944711,-1,not_random,not_binary,,,,,,,0.25,0.75,0.2283333333333333,0.2247222222222222,0.0036111111111111,100.0,,,,,0.2189583333333333,0.0466666666666666,-0.0018750000000000155,0.006666666666666703
a0_75_primary,star-seed-01-R1,1,300,16,star,0.4,symmetric_0.20,0.2,0.2,1,True,AlternatingTreeIncidenceEstimator,0.2170833333333333,0.0533333333333333,0.6094452773613194,23,False,0,0.0666666666666666,0.0543577000062214,0.0006349000032059,0.0534456000023055,-1,not_random,not_binary,,,0.0,True,False,False,0.2333333333333333,0.7666666666666667,0.2309782608695652,0.2309782608695652,0.0,,,,,,0.2189583333333333,0.0466666666666666,-0.0018750000000000155,0.006666666666666703
a0_75_primary,star-seed-02-R1,2,300,16,star,0.4,symmetric_0.20,0.2,0.2,1,True,TrueTreeOracle,0.2229166666666666,0.04,0.638757596218771,0,True,0,0.0,0.0289439000043785,0.0001418999891029,0.0287251999980071,-1,not_random,not_binary,,,,,,,0.08,0.92,0.2350543478260869,0.2350543478260869,0.0,,,,,,0.2229166666666666,0.04,0.0,0.0
a0_75_primary,star-seed-02-R1,2,300,16,star,0.4,symmetric_0.20,0.2,0.2,1,True,DataAgnosticRandomTree,0.2208333333333333,0.07,0.5399305555555556,130,False,0,0.8666666666666667,0.0421915000042645,0.0006769000028725,0.0411982000077841,0,primary,not_binary,,,,,,,0.73,0.2633333333333333,0.2238924050632911,0.2436708860759493,-0.0197784810126582,,,,,,0.2229166666666666,0.04,-0.002083333333333298,0.030000000000000006
a0_75_primary,star-seed-02-R1,2,300,16,star,0.4,symmetric_0.20,0.2,0.2,1,True,BinaryMWST,0.2229166666666666,0.04,0.638757596218771,0,True,0,0.0,0.0478073999984189,0.0005238000012468,0.0471095999964745,-1,not_random,observed,True,True,,,,,0.08,0.92,0.2350543478260869,0.2350543478260869,0.0,,,,,,0.2229166666666666,0.04,0.0,0.0
a0_75_primary,star-seed-02-R1,2,300,16,star,0.4,symmetric_0.20,0.2,0.2,1,True,NoiseCorrectedMWST,0.218125,0.0466666666666666,0.6398348813209493,28,False,0,0.0666666666666666,0.0400826999975834,0.0007756999984849,0.0389812999928835,-1,not_random,not_binary,,,,,,,0.2333333333333333,0.7633333333333333,0.2328056768558952,0.2328056768558952,0.0,,,,,,0.2229166666666666,0.04,-0.004791666666666583,0.006666666666666599
a0_75_primary,star-seed-02-R1,2,300,16,star,0.4,symmetric_0.20,0.2,0.2,1,True,BootstrapStabilityMWST,0.218125,0.0466666666666666,0.6398348813209493,28,False,0,0.0666666666666666,0.0944815999973798,0.0424276999983703,0.0518855999980587,-1,not_random,not_binary,,,,,,,0.2333333333333333,0.7633333333333333,0.2328056768558952,0.2328056768558952,0.0,100.0,,,,,0.2229166666666666,0.04,-0.004791666666666583,0.006666666666666599
a0_75_primary,star-seed-02-R1,2,300,16,star,0.4,symmetric_0.20,0.2,0.2,1,True,AlternatingTreeIncidenceEstimator,0.218125,0.0466666666666666,0.6398348813209493,28,False,0,0.0666666666666666,0.052143499997328,0.001381099995342,0.0500135000038426,-1,not_random,not_binary,,,0.0,True,False,False,0.2333333333333333,0.7633333333333333,0.2328056768558952,0.2328056768558952,0.0,,,,,,0.2229166666666666,0.04,-0.004791666666666583,0.006666666666666599
a0_75_primary,star-seed-03-R1,3,300,16,star,0.4,symmetric_0.20,0.2,0.2,1,True,TrueTreeOracle,0.2114583333333333,0.0733333333333333,0.6373704894605217,0,True,0,0.0,0.0605823999940184,0.0002039000100921,0.0601159000070765,-1,not_random,not_binary,,,,,,,0.0933333333333333,0.9066666666666666,0.224954044117647,0.224954044117647,0.0,,,,,,0.2114583333333333,0.0733333333333333,0.0,0.0
a0_75_primary,star-seed-03-R1,3,300,16,star,0.4,symmetric_0.20,0.2,0.2,1,True,DataAgnosticRandomTree,0.1966666666666666,0.09,0.6108821104699093,112,False,0,0.7333333333333334,0.0638027000095462,0.0010418999881949,0.0625177999900188,0,primary,not_binary,,,,,,,0.6533333333333333,0.3333333333333333,0.2125,0.195625,0.016875,,,,,,0.2114583333333333,0.0733333333333333,-0.014791666666666703,0.01666666666666669
a0_75_primary,star-seed-03-R1,3,300,16,star,0.4,symmetric_0.20,0.2,0.2,1,True,BinaryMWST,0.2114583333333333,0.0733333333333333,0.6373704894605217,0,True,0,0.0,0.0415659999998752,0.0010011999984271,0.0404043000016827,-1,not_random,observed,True,True,,,,,0.0933333333333333,0.9066666666666666,0.224954044117647,0.224954044117647,0.0,,,,,,0.2114583333333333,0.0733333333333333,0.0,0.0
a0_75_primary,star-seed-03-R1,3,300,16,star,0.4,symmetric_0.20,0.2,0.2,1,True,NoiseCorrectedMWST,0.2089583333333333,0.0733333333333333,0.6281053021876158,43,False,0,0.1333333333333333,0.0540246000018669,0.0012090999953215,0.0527082999906269,-1,not_random,not_binary,,,,,,,0.36,0.6333333333333333,0.21875,0.21875,0.0,,,,,,0.2114583333333333,0.0733333333333333,-0.0025000000000000022,0.0
a0_75_primary,star-seed-03-R1,3,300,16,star,0.4,symmetric_0.20,0.2,0.2,1,True,BootstrapStabilityMWST,0.2064583333333333,0.0766666666666666,0.6239089184060721,53,False,0,0.1999999999999999,0.1078069999930448,0.0547558999969624,0.0529096999962348,-1,not_random,not_binary,,,,,,,0.45,0.5366666666666666,0.2096273291925466,0.2096273291925466,0.0,100.0,,,,,0.2114583333333333,0.0733333333333333,-0.0050000000000000044,0.0033333333333332993
a0_75_primary,star-seed-03-R1,3,300,16,star,0.4,symmetric_0.20,0.2,0.2,1,True,AlternatingTreeIncidenceEstimator,0.2089583333333333,0.0733333333333333,0.6281053021876158,43,False,0,0.1333333333333333,0.0735210999991977,0.0019441000040387,0.0705780999996932,-1,not_random,not_binary,,,0.0,True,False,False,0.36,0.6333333333333333,0.21875,0.21875,0.0,,,,,,0.2114583333333333,0.0733333333333333,-0.0025000000000000022,0.0
a0_75_primary,star-seed-04-R1,4,300,16,star,0.4,symmetric_0.20,0.2,0.2,1,True,TrueTreeOracle,0.22375,0.0466666666666666,0.631687242798354,0,True,0,0.0,0.0639899999951012,0.0002321000065421,0.0634634000016376,-1,not_random,not_binary,,,,,,,0.07,0.93,0.2347670250896057,0.2347670250896057,0.0,,,,,,0.22375,0.0466666666666666,0.0,0.0
a0_75_primary,star-seed-04-R1,4,300,16,star,0.4,symmetric_0.20,0.2,0.2,1,True,DataAgnosticRandomTree,0.21875,0.0733333333333333,0.5218579234972678,129,False,0,0.8666666666666667,0.0418624000012641,0.0006804000004194,0.040913000004366,0,primary,not_binary,,,,,,,0.63,0.3666666666666666,0.2261363636363636,0.2210227272727272,0.0051136363636363,,,,,,0.22375,0.0466666666666666,-0.0050000000000000044,0.026666666666666707
a0_75_primary,star-seed-04-R1,4,300,16,star,0.4,symmetric_0.20,0.2,0.2,1,True,BinaryMWST,0.2229166666666666,0.06,0.6229739252995067,47,False,0,0.1333333333333333,0.0441898000135552,0.0003101000038441,0.0436334999976679,-1,not_random,observed,True,True,,,,,0.3,0.7,0.2383928571428571,0.2354166666666666,0.0029761904761904,,,,,,0.22375,0.0466666666666666,-0.0008333333333334081,0.013333333333333398
a0_75_primary,star-seed-04-R1,4,300,16,star,0.4,symmetric_0.20,0.2,0.2,1,True,NoiseCorrectedMWST,0.2108333333333333,0.0766666666666666,0.6131498470948012,94,False,0,0.4,0.0387027999968268,0.0005116999964229,0.038083400009782,-1,not_random,not_binary,,,,,,,0.5933333333333334,0.3966666666666666,0.2242647058823529,0.2216386554621848,0.002626050420168,,,,,,0.22375,0.0466666666666666,-0.012916666666666715,0.030000000000000006
a0_75_primary,star-seed-04-R1,4,300,16,star,0.4,symmetric_0.20,0.2,0.2,1,True,BootstrapStabilityMWST,0.21375,0.07,0.6119515885022693,95,False,0,0.4,0.0914397000015014,0.0412157999962801,0.0501203000021632,-1,not_random,not_binary,,,,,,,0.5633333333333334,0.4266666666666667,0.2314453125,0.2275390625,0.00390625,100.0,,,,,0.22375,0.0466666666666666,-0.010000000000000009,0.023333333333333407
a0_75_primary,star-seed-04-R1,4,300,16,star,0.4,symmetric_0.20,0.2,0.2,1,True,AlternatingTreeIncidenceEstimator,0.2108333333333333,0.0766666666666666,0.6131498470948012,94,False,0,0.4,0.048669100011466,0.0021000999986426,0.0458570999908261,-1,not_random,not_binary,,,0.0,True,False,False,0.5933333333333334,0.3966666666666666,0.2242647058823529,0.2216386554621848,0.002626050420168,,,,,,0.22375,0.0466666666666666,-0.012916666666666715,0.030000000000000006
a0_75_primary,star-seed-05-R1,5,300,16,star,0.4,symmetric_0.20,0.2,0.2,1,True,TrueTreeOracle,0.2220833333333333,0.05,0.6214488636363636,0,True,0,0.0,0.0365210999880218,8.939999679569155e-05,0.0363068000006023,-1,not_random,not_binary,,,,,,,0.0766666666666666,0.9233333333333332,0.2324007220216606,0.2324007220216606,0.0,,,,,,0.2220833333333333,0.05,0.0,0.0
a0_75_primary,star-seed-05-R1,5,300,16,star,0.4,symmetric_0.20,0.2,0.2,1,True,DataAgnosticRandomTree,0.2154166666666666,0.08,0.500965250965251,120,False,0,0.9333333333333332,0.0353739999991375,0.0002148999919882,0.0350887000095099,0,primary,not_binary,,,,,,,0.6666666666666666,0.3233333333333333,0.2197164948453608,0.2152061855670103,0.0045103092783505,,,,,,0.2220833333333333,0.05,-0.00666666666666671,0.03
a0_75_primary,star-seed-05-R1,5,300,16,star,0.4,symmetric_0.20,0.2,0.2,1,True,BinaryMWST,0.2220833333333333,0.05,0.6214488636363636,0,True,0,0.0,0.0309649999981047,0.0005152000085217,0.0303746999998111,-1,not_random,observed,True,True,,,,,0.0766666666666666,0.9233333333333332,0.2324007220216606,0.2324007220216606,0.0,,,,,,0.2220833333333333,0.05,0.0,0.0
a0_75_primary,star-seed-05-R1,5,300,16,star,0.4,symmetric_0.20,0.2,0.2,1,True,NoiseCorrectedMWST,0.209375,0.07,0.6121188730219992,82,False,0,0.3333333333333333,0.0479333999974187,0.0003001000004587,0.0475218999927165,-1,not_random,not_binary,,,,,,,0.5733333333333334,0.42,0.2306547619047619,0.2266865079365079,0.0039682539682539,,,,,,0.2220833333333333,0.05,-0.012708333333333294,0.020000000000000004
a0_75_primary,star-seed-05-R1,5,300,16,star,0.4,symmetric_0.20,0.2,0.2,1,True,BootstrapStabilityMWST,0.2085416666666666,0.07,0.6124661246612466,80,False,0,0.3333333333333333,0.0939917999930912,0.0488786000059917,0.0450374000065494,-1,not_random,not_binary,,,,,,,0.5733333333333334,0.42,0.2227182539682539,0.2177579365079365,0.0049603174603174,100.0,,,,,0.2220833333333333,0.05,-0.013541666666666702,0.020000000000000004
a0_75_primary,star-seed-05-R1,5,300,16,star,0.4,symmetric_0.20,0.2,0.2,1,True,AlternatingTreeIncidenceEstimator,0.209375,0.07,0.6121188730219992,82,False,0,0.3333333333333333,0.0339899999962653,0.0006065000052331,0.0331064999918453,-1,not_random,not_binary,,,0.0,True,False,False,0.5733333333333334,0.42,0.2306547619047619,0.2266865079365079,0.0039682539682539,,,,,,0.2220833333333333,0.05,-0.012708333333333294,0.020000000000000004
a0_75_primary,star-seed-06-R1,6,300,16,star,0.4,symmetric_0.20,0.2,0.2,1,True,TrueTreeOracle,0.2202083333333333,0.0466666666666666,0.6279479056670186,0,True,0,0.0,0.0390506999974604,0.0002082999999402,0.0387708000052953,-1,not_random,not_binary,,,,,,,0.0666666666666666,0.9333333333333332,0.2301339285714285,0.2301339285714285,0.0,,,,,,0.2202083333333333,0.0466666666666666,0.0,0.0
a0_75_primary,star-seed-06-R1,6,300,16,star,0.4,symmetric_0.20,0.2,0.2,1,True,DataAgnosticRandomTree,0.223125,0.0633333333333333,0.5208053691275168,121,False,0,0.9333333333333332,0.0588896999979624,0.0002272999990964,0.0585533999983454,0,primary,not_binary,,,,,,,0.65,0.3333333333333333,0.215,0.22125,-0.00625,,,,,,0.2202083333333333,0.0466666666666666,0.0029166666666666785,0.016666666666666698
a0_75_primary,star-seed-06-R1,6,300,16,star,0.4,symmetric_0.20,0.2,0.2,1,True,BinaryMWST,0.2202083333333333,0.0466666666666666,0.6279479056670186,0,True,0,0.0,0.0314107000012882,0.0005471999902511,0.0307090999995125,-1,not_random,observed,True,True,,,,,0.0666666666666666,0.9333333333333332,0.2301339285714285,0.2301339285714285,0.0,,,,,,0.2202083333333333,0.0466666666666666,0.0,0.0
a0_75_primary,star-seed-06-R1,6,300,16,star,0.4,symmetric_0.20,0.2,0.2,1,True,NoiseCorrectedMWST,0.2202083333333333,0.0466666666666666,0.6279479056670186,0,True,0,0.0,0.0497572000022046,0.0007282000005943,0.0489543000003322,-1,not_random,not_binary,,,,,,,0.0666666666666666,0.9333333333333332,0.2301339285714285,0.2301339285714285,0.0,,,,,,0.2202083333333333,0.0466666666666666,0.0,0.0
a0_75_primary,star-seed-06-R1,6,300,16,star,0.4,symmetric_0.20,0.2,0.2,1,True,BootstrapStabilityMWST,0.2202083333333333,0.0466666666666666,0.6279479056670186,0,True,0,0.0,0.1083706000063102,0.0445911999995587,0.0636587999906623,-1,not_random,not_binary,,,,,,,0.0666666666666666,0.9333333333333332,0.2301339285714285,0.2301339285714285,0.0,100.0,,,,,0.2202083333333333,0.0466666666666666,0.0,0.0
a0_75_primary,star-seed-06-R1,6,300,16,star,0.4,symmetric_0.20,0.2,0.2,1,True,AlternatingTreeIncidenceEstimator,0.2202083333333333,0.0466666666666666,0.6279479056670186,0,True,0,0.0,0.047989900005632,0.0013547000125981,0.0456887000036658,-1,not_random,not_binary,,,0.0,True,False,False,0.0666666666666666,0.9333333333333332,0.2301339285714285,0.2301339285714285,0.0,,,,,,0.2202083333333333,0.0466666666666666,0.0,0.0
a0_75_primary,star-seed-07-R1,7,300,16,star,0.4,symmetric_0.20,0.2,0.2,1,True,TrueTreeOracle,0.2175,0.0466666666666666,0.6453804347826088,0,True,0,0.0,0.0318645999941509,0.0001617999951122,0.0316332999937003,-1,not_random,not_binary,,,,,,,0.07,0.93,0.2271505376344086,0.2271505376344086,0.0,,,,,,0.2175,0.0466666666666666,0.0,0.0
a0_75_primary,star-seed-07-R1,7,300,16,star,0.4,symmetric_0.20,0.2,0.2,1,True,DataAgnosticRandomTree,0.2227083333333333,0.06,0.5468418821534549,138,False,0,0.9333333333333332,0.0391659000015351,0.0002040999970631,0.0388899999961722,0,primary,not_binary,,,,,,,0.77,0.2233333333333333,0.2126865671641791,0.2154850746268656,-0.0027985074626865,,,,,,0.2175,0.0466666666666666,0.005208333333333315,0.013333333333333398
a0_75_primary,star-seed-07-R1,7,300,16,star,0.4,symmetric_0.20,0.2,0.2,1,True,BinaryMWST,0.2175,0.0466666666666666,0.6453804347826088,0,True,0,0.0,0.0398583999922266,0.0005327999970177,0.0391627000062726,-1,not_random,observed,True,True,,,,,0.07,0.93,0.2271505376344086,0.2271505376344086,0.0,,,,,,0.2175,0.0466666666666666,0.0,0.0
a0_75_primary,star-seed-07-R1,7,300,16,star,0.4,symmetric_0.20,0.2,0.2,1,True,NoiseCorrectedMWST,0.2175,0.0466666666666666,0.6453804347826088,0,True,0,0.0,0.0317368999967584,0.000897599995369,0.030678800001624,-1,not_random,not_binary,,,,,,,0.07,0.93,0.2271505376344086,0.2271505376344086,0.0,,,,,,0.2175,0.0466666666666666,0.0,0.0
a0_75_primary,star-seed-07-R1,7,300,16,star,0.4,symmetric_0.20,0.2,0.2,1,True,BootstrapStabilityMWST,0.2175,0.0466666666666666,0.6453804347826088,0,True,0,0.0,0.0823182000021915,0.0398609999974723,0.0423550999985309,-1,not_random,not_binary,,,,,,,0.07,0.93,0.2271505376344086,0.2271505376344086,0.0,100.0,,,,,0.2175,0.0466666666666666,0.0,0.0
a0_75_primary,star-seed-07-R1,7,300,16,star,0.4,symmetric_0.20,0.2,0.2,1,True,AlternatingTreeIncidenceEstimator,0.2175,0.0466666666666666,0.6453804347826088,0,True,0,0.0,0.0454737999971257,0.0008008999866433,0.0443573999946238,-1,not_random,not_binary,,,0.0,True,False,False,0.07,0.93,0.2271505376344086,0.2271505376344086,0.0,,,,,,0.2175,0.0466666666666666,0.0,0.0
a0_75_primary,star-seed-08-R1,8,300,16,star,0.4,symmetric_0.20,0.2,0.2,1,True,TrueTreeOracle,0.215625,0.0566666666666666,0.637478108581436,0,True,0,0.0,0.0423984000080963,0.0001721999869914,0.0421032000012928,-1,not_random,not_binary,,,,,,,0.08,0.92,0.2266757246376811,0.2266757246376811,0.0,,,,,,0.215625,0.0566666666666666,0.0,0.0
a0_75_primary,star-seed-08-R1,8,300,16,star,0.4,symmetric_0.20,0.2,0.2,1,True,DataAgnosticRandomTree,0.2191666666666666,0.0666666666666666,0.5418118466898955,131,False,0,0.8666666666666667,0.041203000000678,0.000217299995711,0.0408811000088462,0,primary,not_binary,,,,,,,0.6666666666666666,0.32,0.2272135416666666,0.224609375,0.0026041666666666,,,,,,0.215625,0.0566666666666666,0.003541666666666582,0.009999999999999995
a0_75_primary,star-seed-08-R1,8,300,16,star,0.4,symmetric_0.20,0.2,0.2,1,True,BinaryMWST,0.215625,0.0566666666666666,0.637478108581436,0,True,0,0.0,0.03978819999611,0.0003278000076534,0.0393421999906422,-1,not_random,observed,True,True,,,,,0.08,0.92,0.2266757246376811,0.2266757246376811,0.0,,,,,,0.215625,0.0566666666666666,0.0,0.0
a0_75_primary,star-seed-08-R1,8,300,16,star,0.4,symmetric_0.20,0.2,0.2,1,True,NoiseCorrectedMWST,0.211875,0.0566666666666666,0.6340410219503418,34,False,0,0.0666666666666666,0.0454898999887518,0.0004828000091947,0.0449236999993445,-1,not_random,not_binary,,,,,,,0.2766666666666666,0.72,0.2282986111111111,0.2282986111111111,0.0,,,,,,0.215625,0.0566666666666666,-0.0037500000000000033,0.0
a0_75_primary,star-seed-08-R1,8,300,16,star,0.4,symmetric_0.20,0.2,0.2,1,True,BootstrapStabilityMWST,0.208125,0.0666666666666666,0.6309567787218322,64,False,0,0.1333333333333333,0.0757199000072432,0.0322787000040989,0.0433309999934863,-1,not_random,not_binary,,,,,,,0.4033333333333333,0.59,0.2274011299435028,0.2274011299435028,0.0,100.0,,,,,0.215625,0.0566666666666666,-0.007500000000000007,0.009999999999999995
a0_75_primary,star-seed-08-R1,8,300,16,star,0.4,symmetric_0.20,0.2,0.2,1,True,AlternatingTreeIncidenceEstimator,0.211875,0.0566666666666666,0.6340410219503418,34,False,0,0.0666666666666666,0.0557326999987708,0.0012427999899955,0.053639399993699,-1,not_random,not_binary,,,0.0,True,False,False,0.2766666666666666,0.72,0.2282986111111111,0.2282986111111111,0.0,,,,,,0.215625,0.0566666666666666,-0.0037500000000000033,0.0
a0_75_primary,star-seed-09-R1,9,300,16,star,0.4,symmetric_0.20,0.2,0.2,1,True,TrueTreeOracle,0.2191666666666666,0.0766666666666666,0.6436314363143633,0,True,0,0.0,0.0360880000080214,0.0001535000046715,0.0358647999964887,-1,not_random,not_binary,,,,,,,0.0666666666666666,0.9333333333333332,0.2294642857142857,0.2294642857142857,0.0,,,,,,0.2191666666666666,0.0766666666666666,0.0,0.0
a0_75_primary,star-seed-09-R1,9,300,16,star,0.4,symmetric_0.20,0.2,0.2,1,True,DataAgnosticRandomTree,0.2191666666666666,0.0666666666666666,0.5747776879547292,122,False,0,0.9333333333333332,0.0546368000068469,0.0002920000115409,0.0541232000105083,0,primary,not_binary,,,,,,,0.7266666666666667,0.2666666666666666,0.2109375,0.21171875,-0.00078125,,,,,,0.2191666666666666,0.0766666666666666,0.0,-0.010000000000000009
a0_75_primary,star-seed-09-R1,9,300,16,star,0.4,symmetric_0.20,0.2,0.2,1,True,BinaryMWST,0.2158333333333333,0.0766666666666666,0.6323633782824698,64,False,0,0.1999999999999999,0.0417572000005748,0.0005231999966781,0.0411399000004166,-1,not_random,observed,True,True,,,,,0.3333333333333333,0.6533333333333333,0.235969387755102,0.2267219387755102,0.0092474489795918,,,,,,0.2191666666666666,0.0766666666666666,-0.0033333333333332993,0.0
a0_75_primary,star-seed-09-R1,9,300,16,star,0.4,symmetric_0.20,0.2,0.2,1,True,NoiseCorrectedMWST,0.2122916666666666,0.0766666666666666,0.6279664110989412,93,False,0,0.4666666666666667,0.0398028999916277,0.0007001999911153,0.0389616000029491,-1,not_random,not_binary,,,,,,,0.5233333333333333,0.46,0.2359601449275362,0.2196557971014492,0.0163043478260869,,,,,,0.2191666666666666,0.0766666666666666,-0.006874999999999992,0.0
a0_75_primary,star-seed-09-R1,9,300,16,star,0.4,symmetric_0.20,0.2,0.2,1,True,BootstrapStabilityMWST,0.2091666666666666,0.08,0.621987951807229,102,False,0,0.4666666666666667,0.1032974999980069,0.0507608999905642,0.05228299999726,-1,not_random,not_binary,,,,,,,0.5866666666666667,0.4033333333333333,0.2283057851239669,0.2184917355371901,0.0098140495867768,100.0,,,,,0.2191666666666666,0.0766666666666666,-0.009999999999999981,0.0033333333333333964
a0_75_primary,star-seed-09-R1,9,300,16,star,0.4,symmetric_0.20,0.2,0.2,1,True,AlternatingTreeIncidenceEstimator,0.2122916666666666,0.0766666666666666,0.6279664110989412,93,False,0,0.4666666666666667,0.0527946000074734,0.002011999982642,0.0499446000030729,-1,not_random,not_binary,,,0.0,True,False,False,0.5233333333333333,0.46,0.2359601449275362,0.2196557971014492,0.0163043478260869,,,,,,0.2191666666666666,0.0766666666666666,-0.006874999999999992,0.0
a0_75_primary,star-seed-10-R1,10,300,16,star,0.4,symmetric_0.20,0.2,0.2,1,True,TrueTreeOracle,0.2266666666666666,0.0533333333333333,0.6413974950560316,0,True,0,0.0,0.0559925999987171,0.0002577999985078,0.0555216999928234,-1,not_random,not_binary,,,,,,,0.07,0.93,0.2383512544802867,0.2383512544802867,0.0,,,,,,0.2266666666666666,0.0533333333333333,0.0,0.0
a0_75_primary,star-seed-10-R1,10,300,16,star,0.4,symmetric_0.20,0.2,0.2,1,True,DataAgnosticRandomTree,0.2270833333333333,0.07,0.5701892744479495,134,False,0,0.8,0.0585424000018974,0.0010397000005468,0.057036700003664,0,primary,not_binary,,,,,,,0.6,0.3833333333333333,0.2532608695652174,0.2375,0.0157608695652173,,,,,,0.2266666666666666,0.0533333333333333,0.00041666666666670404,0.016666666666666705
a0_75_primary,star-seed-10-R1,10,300,16,star,0.4,symmetric_0.20,0.2,0.2,1,True,BinaryMWST,0.2266666666666666,0.0533333333333333,0.6413974950560316,0,True,0,0.0,0.0393232000060379,0.000642599989078,0.0385527000034926,-1,not_random,observed,True,True,,,,,0.07,0.93,0.2383512544802867,0.2383512544802867,0.0,,,,,,0.2266666666666666,0.0533333333333333,0.0,0.0
a0_75_primary,star-seed-10-R1,10,300,16,star,0.4,symmetric_0.20,0.2,0.2,1,True,NoiseCorrectedMWST,0.2222916666666666,0.0533333333333333,0.6309235558630232,55,False,0,0.1333333333333333,0.043844200001331,0.0009932000102708,0.0426636999909533,-1,not_random,not_binary,,,,,,,0.3866666666666666,0.61,0.2400956284153005,0.2400956284153005,0.0,,,,,,0.2266666666666666,0.0533333333333333,-0.00437499999999999,0.0
a0_75_primary,star-seed-10-R1,10,300,16,star,0.4,symmetric_0.20,0.2,0.2,1,True,BootstrapStabilityMWST,0.2220833333333333,0.0533333333333333,0.6275331935709294,88,False,0,0.1999999999999999,0.0750555999984499,0.0383536000008462,0.0366314999992027,-1,not_random,not_binary,,,,,,,0.41,0.5866666666666667,0.2425426136363636,0.2379261363636363,0.0046164772727272,100.0,,,,,0.2266666666666666,0.0533333333333333,-0.0045833333333333,0.0
a0_75_primary,star-seed-10-R1,10,300,16,star,0.4,symmetric_0.20,0.2,0.2,1,True,AlternatingTreeIncidenceEstimator,0.2222916666666666,0.0533333333333333,0.6309235558630232,55,False,0,0.1333333333333333,0.0373445000004721,0.0008626999915577,0.0359630000020843,-1,not_random,not_binary,,,0.0,True,False,False,0.3866666666666666,0.61,0.2400956284153005,0.2400956284153005,0.0,,,,,,0.2266666666666666,0.0533333333333333,-0.00437499999999999,0.0
a0_75_primary,star-seed-11-R1,11,300,16,star,0.4,symmetric_0.20,0.2,0.2,1,True,TrueTreeOracle,0.214375,0.0733333333333333,0.6496424923391215,0,True,0,0.0,0.0484462000022176,0.00015340000391,0.0481347000022651,-1,not_random,not_binary,,,,,,,0.0833333333333333,0.9166666666666666,0.2256818181818181,0.2256818181818181,0.0,,,,,,0.214375,0.0733333333333333,0.0,0.0
a0_75_primary,star-seed-11-R1,11,300,16,star,0.4,symmetric_0.20,0.2,0.2,1,True,DataAgnosticRandomTree,0.2310416666666666,0.0733333333333333,0.5357890330682294,128,False,0,0.9333333333333332,0.0500041000050259,0.0002368999994359,0.0496858999977121,0,primary,not_binary,,,,,,,0.64,0.3433333333333333,0.2342233009708738,0.233009708737864,0.0012135922330097,,,,,,0.214375,0.0733333333333333,0.01666666666666658,0.0
a0_75_primary,star-seed-11-R1,11,300,16,star,0.4,symmetric_0.20,0.2,0.2,1,True,BinaryMWST,0.214375,0.0733333333333333,0.6496424923391215,0,True,0,0.0,0.0413455000089015,0.0004040000058012,0.0408303000003797,-1,not_random,observed,True,True,,,,,0.0833333333333333,0.9166666666666666,0.2256818181818181,0.2256818181818181,0.0,,,,,,0.214375,0.0733333333333333,0.0,0.0
a0_75_primary,star-seed-11-R1,11,300,16,star,0.4,symmetric_0.20,0.2,0.2,1,True,NoiseCorrectedMWST,0.2122916666666666,0.06,0.6372374510501958,50,False,0,0.1333333333333333,0.0369913000031374,0.0005660000024363,0.0363494000048376,-1,not_random,not_binary,,,,,,,0.4133333333333333,0.5833333333333334,0.2232142857142857,0.2232142857142857,0.0,,,,,,0.214375,0.0733333333333333,-0.002083333333333409,-0.013333333333333308
a0_75_primary,star-seed-11-R1,11,300,16,star,0.4,symmetric_0.20,0.2,0.2,1,True,BootstrapStabilityMWST,0.2122916666666666,0.06,0.6372374510501958,50,False,0,0.1333333333333333,0.0772858999989694,0.0424884999956702,0.0345555999956559,-1,not_random,not_binary,,,,,,,0.4133333333333333,0.5833333333333334,0.2232142857142857,0.2232142857142857,0.0,100.0,,,,,0.214375,0.0733333333333333,-0.002083333333333409,-0.013333333333333308
a0_75_primary,star-seed-11-R1,11,300,16,star,0.4,symmetric_0.20,0.2,0.2,1,True,AlternatingTreeIncidenceEstimator,0.2122916666666666,0.06,0.6372374510501958,50,False,0,0.1333333333333333,0.0374522000056458,0.0007048999977996,0.0363839999918127,-1,not_random,not_binary,,,0.0,True,False,False,0.4133333333333333,0.5833333333333334,0.2232142857142857,0.2232142857142857,0.0,,,,,,0.214375,0.0733333333333333,-0.002083333333333409,-0.013333333333333308
a0_75_primary,star-seed-12-R1,12,300,16,star,0.4,symmetric_0.20,0.2,0.2,1,True,TrueTreeOracle,0.205,0.07,0.6588072122052705,0,True,0,0.0,0.0561045000067679,0.0002112999936798,0.0556437999912304,-1,not_random,not_binary,,,,,,,0.1033333333333333,0.8966666666666666,0.2202602230483271,0.2202602230483271,0.0,,,,,,0.205,0.07,0.0,0.0
a0_75_primary,star-seed-12-R1,12,300,16,star,0.4,symmetric_0.20,0.2,0.2,1,True,DataAgnosticRandomTree,0.2145833333333333,0.0766666666666666,0.5575601374570447,128,False,0,0.8666666666666667,0.0536104000057093,0.0005468000017572,0.0529564000025857,0,primary,not_binary,,,,,,,0.7266666666666667,0.2633333333333333,0.2104430379746835,0.2056962025316455,0.0047468354430379,,,,,,0.205,0.07,0.009583333333333305,0.006666666666666599
a0_75_primary,star-seed-12-R1,12,300,16,star,0.4,symmetric_0.20,0.2,0.2,1,True,BinaryMWST,0.205,0.07,0.6588072122052705,0,True,0,0.0,0.0502483000018401,0.0003183999942848,0.0497637999942526,-1,not_random,observed,True,True,,,,,0.1033333333333333,0.8966666666666666,0.2202602230483271,0.2202602230483271,0.0,,,,,,0.205,0.07,0.0,0.0
a0_75_primary,star-seed-12-R1,12,300,16,star,0.4,symmetric_0.20,0.2,0.2,1,True,NoiseCorrectedMWST,0.1975,0.08,0.646795827123696,55,False,0,0.1999999999999999,0.0529100999992806,0.0011285000073257,0.0516704000037862,-1,not_random,not_binary,,,,,,,0.4966666666666666,0.5033333333333333,0.2135761589403973,0.2144039735099338,-0.0008278145695364,,,,,,0.205,0.07,-0.007499999999999979,0.009999999999999995
a0_75_primary,star-seed-12-R1,12,300,16,star,0.4,symmetric_0.20,0.2,0.2,1,True,BootstrapStabilityMWST,0.1997916666666666,0.0733333333333333,0.6420306084359835,64,False,0,0.1999999999999999,0.099816699992516,0.0425388000003295,0.0571006999962264,-1,not_random,not_binary,,,,,,,0.52,0.48,0.2209201388888889,0.2217881944444444,-0.0008680555555555,100.0,,,,,0.205,0.07,-0.005208333333333398,0.0033333333333332993
a0_75_primary,star-seed-12-R1,12,300,16,star,0.4,symmetric_0.20,0.2,0.2,1,True,AlternatingTreeIncidenceEstimator,0.1975,0.08,0.646795827123696,55,False,0,0.1999999999999999,0.0538128999905893,0.001361500006169,0.0515655000053811,-1,not_random,not_binary,,,0.0,True,False,False,0.4966666666666666,0.5033333333333333,0.2135761589403973,0.2144039735099338,-0.0008278145695364,,,,,,0.205,0.07,-0.007499999999999979,0.009999999999999995
a0_75_primary,star-seed-13-R1,13,300,16,star,0.4,symmetric_0.20,0.2,0.2,1,True,TrueTreeOracle,0.221875,0.0533333333333333,0.6328852119958636,0,True,0,0.0,0.0401147000084165,9.139999747276306e-05,0.0399533000017982,-1,not_random,not_binary,,,,,,,0.09,0.91,0.2369505494505494,0.2369505494505494,0.0,,,,,,0.221875,0.0533333333333333,0.0,0.0
a0_75_primary,star-seed-13-R1,13,300,16,star,0.4,symmetric_0.20,0.2,0.2,1,True,DataAgnosticRandomTree,0.220625,0.0633333333333333,0.5686354378818738,126,False,0,0.9333333333333332,0.0544686999928671,0.0002079999976558,0.0540929999988293,0,primary,not_binary,,,,,,,0.6033333333333334,0.39,0.2425213675213675,0.2313034188034188,0.0112179487179487,,,,,,0.221875,0.0533333333333333,-0.0012500000000000011,0.009999999999999995
a0_75_primary,star-seed-13-R1,13,300,16,star,0.4,symmetric_0.20,0.2,0.2,1,True,BinaryMWST,0.221875,0.0533333333333333,0.6328852119958636,0,True,0,0.0,0.054748099995777,0.0002836999919964,0.0543427000084193,-1,not_random,observed,True,True,,,,,0.09,0.91,0.2369505494505494,0.2369505494505494,0.0,,,,,,0.221875,0.0533333333333333,0.0,0.0
a0_75_primary,star-seed-13-R1,13,300,16,star,0.4,symmetric_0.20,0.2,0.2,1,True,NoiseCorrectedMWST,0.2175,0.0533333333333333,0.6295244854506742,30,False,0,0.0666666666666666,0.0508460000128252,0.0004805000062333,0.0502241999929538,-1,not_random,not_binary,,,,,,,0.2866666666666667,0.71,0.2323943661971831,0.2323943661971831,0.0,,,,,,0.221875,0.0533333333333333,-0.00437499999999999,0.0
a0_75_primary,star-seed-13-R1,13,300,16,star,0.4,symmetric_0.20,0.2,0.2,1,True,BootstrapStabilityMWST,0.216875,0.0633333333333333,0.6232356134636265,53,False,0,0.1333333333333333,0.106871099997079,0.0466139000054681,0.0600395999936154,-1,not_random,not_binary,,,,,,,0.4266666666666667,0.5666666666666667,0.2308823529411764,0.2308823529411764,0.0,100.0,,,,,0.221875,0.0533333333333333,-0.004999999999999977,0.009999999999999995
a0_75_primary,star-seed-13-R1,13,300,16,star,0.4,symmetric_0.20,0.2,0.2,1,True,AlternatingTreeIncidenceEstimator,0.2175,0.0533333333333333,0.6295244854506742,30,False,0,0.0666666666666666,0.047307400003774,0.000967900006799,0.045915499998955,-1,not_random,not_binary,,,0.0,True,False,False,0.2866666666666667,0.71,0.2323943661971831,0.2323943661971831,0.0,,,,,,0.221875,0.0533333333333333,-0.00437499999999999,0.0
a0_75_primary,star-seed-14-R1,14,300,16,star,0.4,symmetric_0.20,0.2,0.2,1,True,TrueTreeOracle,0.2079166666666666,0.08,0.652990264255911,0,True,0,0.0,0.0424098999937996,0.0001635999942664,0.0419506999896839,-1,not_random,not_binary,,,,,,,0.07,0.93,0.2195340501792114,0.2195340501792114,0.0,,,,,,0.2079166666666666,0.08,0.0,0.0
a0_75_primary,star-seed-14-R1,14,300,16,star,0.4,symmetric_0.20,0.2,0.2,1,True,DataAgnosticRandomTree,0.2097916666666666,0.08,0.553040390590324,123,False,0,0.8666666666666667,0.0504213999956846,0.0004350999952293,0.0498464999982388,0,primary,not_binary,,,,,,,0.5966666666666667,0.3933333333333333,0.2171610169491525,0.2261652542372881,-0.0090042372881355,,,,,,0.2079166666666666,0.08,0.0018749999999999878,0.0
a0_75_primary,star-seed-14-R1,14,300,16,star,0.4,symmetric_0.20,0.2,0.2,1,True,BinaryMWST,0.2079166666666666,0.08,0.652990264255911,0,True,0,0.0,0.043802100000903,0.0006299999949987,0.0429203999956371,-1,not_random,observed,True,True,,,,,0.07,0.93,0.2195340501792114,0.2195340501792114,0.0,,,,,,0.2079166666666666,0.08,0.0,0.0
a0_75_primary,star-seed-14-R1,14,300,16,star,0.4,symmetric_0.20,0.2,0.2,1,True,NoiseCorrectedMWST,0.2079166666666666,0.08,0.652990264255911,0,True,0,0.0,0.0532622999890008,0.0018549999949755,0.0512639000080525,-1,not_random,not_binary,,,,,,,0.07,0.93,0.2195340501792114,0.2195340501792114,0.0,,,,,,0.2079166666666666,0.08,0.0,0.0
a0_75_primary,star-seed-14-R1,14,300,16,star,0.4,symmetric_0.20,0.2,0.2,1,True,BootstrapStabilityMWST,0.2079166666666666,0.08,0.652990264255911,0,True,0,0.0,0.0766373999940697,0.0430814999999711,0.0333919999975478,-1,not_random,not_binary,,,,,,,0.07,0.93,0.2195340501792114,0.2195340501792114,0.0,100.0,,,,,0.2079166666666666,0.08,0.0,0.0
a0_75_primary,star-seed-14-R1,14,300,16,star,0.4,symmetric_0.20,0.2,0.2,1,True,AlternatingTreeIncidenceEstimator,0.2079166666666666,0.08,0.652990264255911,0,True,0,0.0,0.0429124999936902,0.0007067999977152,0.0418023000092944,-1,not_random,not_binary,,,0.0,True,False,False,0.07,0.93,0.2195340501792114,0.2195340501792114,0.0,,,,,,0.2079166666666666,0.08,0.0,0.0
a0_75_primary,star-seed-15-R1,15,300,16,star,0.4,symmetric_0.20,0.2,0.2,1,True,TrueTreeOracle,0.2260416666666666,0.0666666666666666,0.633817077286534,0,True,0,0.0,0.0381915000034496,0.0001575999922351,0.0379632999975001,-1,not_random,not_binary,,,,,,,0.08,0.92,0.2398097826086956,0.2398097826086956,0.0,,,,,,0.2260416666666666,0.0666666666666666,0.0,0.0
a0_75_primary,star-seed-15-R1,15,300,16,star,0.4,symmetric_0.20,0.2,0.2,1,True,DataAgnosticRandomTree,0.2291666666666666,0.0733333333333333,0.5603517186250999,130,False,0,0.9333333333333332,0.0414796999975806,0.0002968000044347,0.0409311999974306,0,primary,not_binary,,,,,,,0.6566666666666666,0.3333333333333333,0.234375,0.224375,0.01,,,,,,0.2260416666666666,0.0666666666666666,0.003124999999999989,0.00666666666666671
a0_75_primary,star-seed-15-R1,15,300,16,star,0.4,symmetric_0.20,0.2,0.2,1,True,BinaryMWST,0.2260416666666666,0.0666666666666666,0.633817077286534,0,True,0,0.0,0.0537958000059006,0.0004443999932846,0.0530934999987948,-1,not_random,observed,True,True,,,,,0.08,0.92,0.2398097826086956,0.2398097826086956,0.0,,,,,,0.2260416666666666,0.0666666666666666,0.0,0.0
a0_75_primary,star-seed-15-R1,15,300,16,star,0.4,symmetric_0.20,0.2,0.2,1,True,NoiseCorrectedMWST,0.2220833333333333,0.07,0.6243833685694151,50,False,0,0.1333333333333333,0.0592889999970793,0.0005137000116519,0.0584883000119589,-1,not_random,not_binary,,,,,,,0.3733333333333333,0.62,0.2288306451612903,0.2288306451612903,0.0,,,,,,0.2260416666666666,0.0666666666666666,-0.003958333333333314,0.0033333333333334103
a0_75_primary,star-seed-15-R1,15,300,16,star,0.4,symmetric_0.20,0.2,0.2,1,True,BootstrapStabilityMWST,0.2220833333333333,0.07,0.6243833685694151,50,False,0,0.1333333333333333,0.1067669000040041,0.0471034000074723,0.0594045999896479,-1,not_random,not_binary,,,,,,,0.3733333333333333,0.62,0.2288306451612903,0.2288306451612903,0.0,100.0,,,,,0.2260416666666666,0.0666666666666666,-0.003958333333333314,0.0033333333333334103
a0_75_primary,star-seed-15-R1,15,300,16,star,0.4,symmetric_0.20,0.2,0.2,1,True,AlternatingTreeIncidenceEstimator,0.2220833333333333,0.07,0.6243833685694151,50,False,0,0.1333333333333333,0.0597680000064428,0.0017077999946195,0.0571391999983461,-1,not_random,not_binary,,,0.0,True,False,False,0.3733333333333333,0.62,0.2288306451612903,0.2288306451612903,0.0,,,,,,0.2260416666666666,0.0666666666666666,-0.003958333333333314,0.0033333333333334103
a0_75_primary,star-seed-16-R1,16,300,16,star,0.4,symmetric_0.20,0.2,0.2,1,True,TrueTreeOracle,0.2072916666666666,0.06,0.6555901696088612,0,True,0,0.0,0.0409269999945536,0.0001781999890226,0.0404816000082064,-1,not_random,not_binary,,,,,,,0.0833333333333333,0.9166666666666666,0.2175,0.2175,0.0,,,,,,0.2072916666666666,0.06,0.0,0.0
a0_75_primary,star-seed-16-R1,16,300,16,star,0.4,symmetric_0.20,0.2,0.2,1,True,DataAgnosticRandomTree,0.2025,0.0833333333333333,0.5755458515283843,129,False,0,0.8666666666666667,0.0640467000048374,0.0004787999932887,0.0634156000014627,0,primary,not_binary,,,,,,,0.5966666666666667,0.3966666666666666,0.2100840336134453,0.2069327731092436,0.0031512605042016,,,,,,0.2072916666666666,0.06,-0.004791666666666583,0.023333333333333303
a0_75_primary,star-seed-16-R1,16,300,16,star,0.4,symmetric_0.20,0.2,0.2,1,True,BinaryMWST,0.2072916666666666,0.06,0.6555901696088612,0,True,0,0.0,0.0387627000018255,0.0003484000044409,0.0382336000038776,-1,not_random,observed,True,True,,,,,0.0833333333333333,0.9166666666666666,0.2175,0.2175,0.0,,,,,,0.2072916666666666,0.06,0.0,0.0
a0_75_primary,star-seed-16-R1,16,300,16,star,0.4,symmetric_0.20,0.2,0.2,1,True,NoiseCorrectedMWST,0.19875,0.08,0.6520787746170678,48,False,0,0.1333333333333333,0.0428295000019716,0.0011790999997174,0.0414403999893693,-1,not_random,not_binary,,,,,,,0.4033333333333333,0.5866666666666667,0.2073863636363636,0.2073863636363636,0.0,,,,,,0.2072916666666666,0.06,-0.008541666666666586,0.020000000000000004
a0_75_primary,star-seed-16-R1,16,300,16,star,0.4,symmetric_0.20,0.2,0.2,1,True,BootstrapStabilityMWST,0.1991666666666666,0.0833333333333333,0.6510948905109489,45,False,0,0.1333333333333333,0.0722672999982023,0.0360624000022653,0.0360376000026008,-1,not_random,not_binary,,,,,,,0.4066666666666667,0.5866666666666667,0.2116477272727272,0.2116477272727272,0.0,100.0,,,,,0.2072916666666666,0.06,-0.008124999999999993,0.023333333333333303
a0_75_primary,star-seed-16-R1,16,300,16,star,0.4,symmetric_0.20,0.2,0.2,1,True,AlternatingTreeIncidenceEstimator,0.19875,0.08,0.6520787746170678,48,False,0,0.1333333333333333,0.045390800005407,0.0009371000051032,0.0439595999923767,-1,not_random,not_binary,,,0.0,True,False,False,0.4033333333333333,0.5866666666666667,0.2073863636363636,0.2073863636363636,0.0,,,,,,0.2072916666666666,0.06,-0.008541666666666586,0.020000000000000004
a0_75_primary,star-seed-17-R1,17,300,16,star,0.4,symmetric_0.20,0.2,0.2,1,True,TrueTreeOracle,0.2172916666666666,0.0633333333333333,0.6300106420716567,0,True,0,0.0,0.0361812000046484,0.000128699990455,0.0357778000034159,-1,not_random,not_binary,,,,,,,0.1033333333333333,0.8966666666666666,0.2321096654275093,0.2321096654275093,0.0,,,,,,0.2172916666666666,0.0633333333333333,0.0,0.0
a0_75_primary,star-seed-17-R1,17,300,16,star,0.4,symmetric_0.20,0.2,0.2,1,True,DataAgnosticRandomTree,0.2295833333333333,0.07,0.5282534246575342,126,False,0,0.9333333333333332,0.0506427000073017,0.0007566999993287,0.0496289000002434,0,primary,not_binary,,,,,,,0.6,0.39,0.2590811965811966,0.2126068376068376,0.0464743589743589,,,,,,0.2172916666666666,0.0633333333333333,0.0122916666666667,0.00666666666666671
a0_75_primary,star-seed-17-R1,17,300,16,star,0.4,symmetric_0.20,0.2,0.2,1,True,BinaryMWST,0.2172916666666666,0.0633333333333333,0.6300106420716567,0,True,0,0.0,0.0378793000127188,0.0003526000073179,0.0374463999905856,-1,not_random,observed,True,True,,,,,0.1033333333333333,0.8966666666666666,0.2321096654275093,0.2321096654275093,0.0,,,,,,0.2172916666666666,0.0633333333333333,0.0,0.0
a0_75_primary,star-seed-17-R1,17,300,16,star,0.4,symmetric_0.20,0.2,0.2,1,True,NoiseCorrectedMWST,0.2102083333333333,0.0666666666666666,0.6253249164500557,50,False,0,0.1333333333333333,0.0405494000006001,0.0003086000069743,0.0401332000037655,-1,not_random,not_binary,,,,,,,0.4,0.5966666666666667,0.2238128491620111,0.2238128491620111,0.0,,,,,,0.2172916666666666,0.0633333333333333,-0.007083333333333303,0.0033333333333332993
a0_75_primary,star-seed-17-R1,17,300,16,star,0.4,symmetric_0.20,0.2,0.2,1,True,BootstrapStabilityMWST,0.2102083333333333,0.0666666666666666,0.6253249164500557,50,False,0,0.1333333333333333,0.0697642000013729,0.0365093000000342,0.0331786000024294,-1,not_random,not_binary,,,,,,,0.4,0.5966666666666667,0.2238128491620111,0.2238128491620111,0.0,100.0,,,,,0.2172916666666666,0.0633333333333333,-0.007083333333333303,0.0033333333333332993
a0_75_primary,star-seed-17-R1,17,300,16,star,0.4,symmetric_0.20,0.2,0.2,1,True,AlternatingTreeIncidenceEstimator,0.2102083333333333,0.0666666666666666,0.6253249164500557,50,False,0,0.1333333333333333,0.0391154999961145,0.0009912000095937,0.0375117000075988,-1,not_random,not_binary,,,0.0,True,False,False,0.4,0.5966666666666667,0.2238128491620111,0.2238128491620111,0.0,,,,,,0.2172916666666666,0.0633333333333333,-0.007083333333333303,0.0033333333333332993
a0_75_primary,star-seed-18-R1,18,300,16,star,0.4,symmetric_0.20,0.2,0.2,1,True,TrueTreeOracle,0.2216666666666666,0.0466666666666666,0.64604125083167,0,True,0,0.0,0.0441413000080501,0.0001631999912206,0.043905900005484,-1,not_random,not_binary,,,,,,,0.06,0.94,0.2296099290780142,0.2296099290780142,0.0,,,,,,0.2216666666666666,0.0466666666666666,0.0,0.0
a0_75_primary,star-seed-18-R1,18,300,16,star,0.4,symmetric_0.20,0.2,0.2,1,True,DataAgnosticRandomTree,0.2127083333333333,0.0566666666666666,0.5733389051399918,140,False,0,0.8666666666666667,0.0498799000051803,0.0002586000045994,0.0493807000020751,0,primary,not_binary,,,,,,,0.62,0.37,0.2224099099099099,0.2291666666666666,-0.0067567567567567,,,,,,0.2216666666666666,0.0466666666666666,-0.00895833333333329,0.010000000000000002
a0_75_primary,star-seed-18-R1,18,300,16,star,0.4,symmetric_0.20,0.2,0.2,1,True,BinaryMWST,0.2216666666666666,0.0466666666666666,0.64604125083167,0,True,0,0.0,0.0426399999996647,0.0006253000028664,0.0419427000015275,-1,not_random,observed,True,True,,,,,0.06,0.94,0.2296099290780142,0.2296099290780142,0.0,,,,,,0.2216666666666666,0.0466666666666666,0.0,0.0
a0_75_primary,star-seed-18-R1,18,300,16,star,0.4,symmetric_0.20,0.2,0.2,1,True,NoiseCorrectedMWST,0.2135416666666666,0.05,0.6437261035801182,56,False,0,0.1333333333333333,0.033537499999511,0.0002976999967359,0.0331434999970952,-1,not_random,not_binary,,,,,,,0.38,0.62,0.2227822580645161,0.2227822580645161,0.0,,,,,,0.2216666666666666,0.0466666666666666,-0.008124999999999993,0.0033333333333334034
a0_75_primary,star-seed-18-R1,18,300,16,star,0.4,symmetric_0.20,0.2,0.2,1,True,BootstrapStabilityMWST,0.2097916666666666,0.06,0.6402286530903895,75,False,0,0.1999999999999999,0.0933454999903915,0.0516760000027716,0.0415352999989409,-1,not_random,not_binary,,,,,,,0.5166666666666667,0.4833333333333333,0.2241379310344827,0.2241379310344827,0.0,100.0,,,,,0.2216666666666666,0.0466666666666666,-0.011874999999999997,0.013333333333333398
a0_75_primary,star-seed-18-R1,18,300,16,star,0.4,symmetric_0.20,0.2,0.2,1,True,AlternatingTreeIncidenceEstimator,0.2177083333333333,0.0466666666666666,0.6444368832936372,30,False,0,0.0666666666666666,0.1044130999944172,0.0030341999954544,0.1002475999848684,-1,not_random,not_binary,,,1.0,True,True,False,0.23,0.77,0.2261904761904762,0.2261904761904762,0.0,,,,,,0.2216666666666666,0.0466666666666666,-0.003958333333333286,0.0
a0_75_primary,star-seed-19-R1,19,300,16,star,0.4,symmetric_0.20,0.2,0.2,1,True,TrueTreeOracle,0.21125,0.0666666666666666,0.6520247083047357,0,True,0,0.0,0.0490818999969633,0.0001601999974809,0.0488522999949054,-1,not_random,not_binary,,,,,,,0.09,0.91,0.2252747252747252,0.2252747252747252,0.0,,,,,,0.21125,0.0666666666666666,0.0,0.0
a0_75_primary,star-seed-19-R1,19,300,16,star,0.4,symmetric_0.20,0.2,0.2,1,True,DataAgnosticRandomTree,0.2064583333333333,0.0866666666666666,0.5851820845542068,125,False,0,0.8666666666666667,0.0519292000099085,0.0002310999989276,0.0512636000057682,0,primary,not_binary,,,,,,,0.65,0.3366666666666666,0.2017326732673267,0.2054455445544554,-0.0037128712871287,,,,,,0.21125,0.0666666666666666,-0.004791666666666694,0.020000000000000004
a0_75_primary,star-seed-19-R1,19,300,16,star,0.4,symmetric_0.20,0.2,0.2,1,True,BinaryMWST,0.21125,0.0666666666666666,0.6520247083047357,0,True,0,0.0,0.0531788999942364,0.0009304999985033,0.0520753000018885,-1,not_random,observed,True,True,,,,,0.09,0.91,0.2252747252747252,0.2252747252747252,0.0,,,,,,0.21125,0.0666666666666666,0.0,0.0
a0_75_primary,star-seed-19-R1,19,300,16,star,0.4,symmetric_0.20,0.2,0.2,1,True,NoiseCorrectedMWST,0.2058333333333333,0.07,0.6483985765124556,45,False,0,0.1333333333333333,0.0424613000068347,0.0013290999922901,0.0410554999980377,-1,not_random,not_binary,,,,,,,0.37,0.63,0.2169312169312169,0.2169312169312169,0.0,,,,,,0.21125,0.0666666666666666,-0.005416666666666681,0.0033333333333334103
a0_75_primary,star-seed-19-R1,19,300,16,star,0.4,symmetric_0.20,0.2,0.2,1,True,BootstrapStabilityMWST,0.2064583333333333,0.0633333333333333,0.6454382826475851,49,False,0,0.1333333333333333,0.0919286999996984,0.0401034999958938,0.0517228999960934,-1,not_random,not_binary,,,,,,,0.3966666666666666,0.6,0.2184027777777777,0.2190972222222222,-0.0006944444444444,100.0,,,,,0.21125,0.0666666666666666,-0.004791666666666694,-0.0033333333333332993
a0_75_primary,star-seed-19-R1,19,300,16,star,0.4,symmetric_0.20,0.2,0.2,1,True,AlternatingTreeIncidenceEstimator,0.2058333333333333,0.07,0.6483985765124556,45,False,0,0.1333333333333333,0.0497182999970391,0.0014452000032179,0.047385400001076,-1,not_random,not_binary,,,0.0,True,False,False,0.37,0.63,0.2169312169312169,0.2169312169312169,0.0,,,,,,0.21125,0.0666666666666666,-0.005416666666666681,0.0033333333333334103
a0_75_primary,star-seed-20-R1,20,300,16,star,0.4,symmetric_0.20,0.2,0.2,1,True,TrueTreeOracle,0.21375,0.0433333333333333,0.6566265060240964,0,True,0,0.0,0.0498764000076334,0.0001725000038277,0.0495439999940572,-1,not_random,not_binary,,,,,,,0.0933333333333333,0.9066666666666666,0.2251838235294117,0.2251838235294117,0.0,,,,,,0.21375,0.0433333333333333,0.0,0.0
a0_75_primary,star-seed-20-R1,20,300,16,star,0.4,symmetric_0.20,0.2,0.2,1,True,DataAgnosticRandomTree,0.2195833333333333,0.0366666666666666,0.5563973063973064,135,False,0,0.8,0.0568196000094758,0.0002912000054493,0.056455999991158,0,primary,not_binary,,,,,,,0.7,0.2833333333333333,0.2183823529411764,0.2316176470588235,-0.013235294117647,,,,,,0.21375,0.0433333333333333,0.0058333333333333015,-0.006666666666666703
a0_75_primary,star-seed-20-R1,20,300,16,star,0.4,symmetric_0.20,0.2,0.2,1,True,BinaryMWST,0.21375,0.0433333333333333,0.6566265060240964,0,True,0,0.0,0.0327052999928128,0.0009768000018084,0.0315535000117961,-1,not_random,observed,True,True,,,,,0.0933333333333333,0.9066666666666666,0.2251838235294117,0.2251838235294117,0.0,,,,,,0.21375,0.0433333333333333,0.0,0.0
a0_75_primary,star-seed-20-R1,20,300,16,star,0.4,symmetric_0.20,0.2,0.2,1,True,NoiseCorrectedMWST,0.21125,0.0466666666666666,0.6534518113465483,32,False,0,0.0666666666666666,0.033205400002771,0.0008860000089043,0.0321474000083981,-1,not_random,not_binary,,,,,,,0.26,0.74,0.224099099099099,0.224099099099099,0.0,,,,,,0.21375,0.0433333333333333,-0.0025000000000000022,0.0033333333333332993
a0_75_primary,star-seed-20-R1,20,300,16,star,0.4,symmetric_0.20,0.2,0.2,1,True,BootstrapStabilityMWST,0.21125,0.0466666666666666,0.6534518113465483,32,False,0,0.0666666666666666,0.1059708999964641,0.0532241000037174,0.0526413000043248,-1,not_random,not_binary,,,,,,,0.26,0.74,0.224099099099099,0.224099099099099,0.0,100.0,,,,,0.21375,0.0433333333333333,-0.0025000000000000022,0.0033333333333332993
a0_75_primary,star-seed-20-R1,20,300,16,star,0.4,symmetric_0.20,0.2,0.2,1,True,AlternatingTreeIncidenceEstimator,0.21125,0.0466666666666666,0.6534518113465483,32,False,0,0.0666666666666666,0.0475136999884853,0.0021967000066069,0.0443991999927675,-1,not_random,not_binary,,,0.0,True,False,False,0.26,0.74,0.224099099099099,0.224099099099099,0.0,,,,,,0.21375,0.0433333333333333,-0.0025000000000000022,0.0033333333333332993
a0_75_primary,star-seed-21-R1,21,300,16,star,0.4,symmetric_0.20,0.2,0.2,1,True,TrueTreeOracle,0.213125,0.0466666666666666,0.6488156539649845,0,True,0,0.0,0.0329809999966528,9.169999975711109e-05,0.0328046000067843,-1,not_random,not_binary,,,,,,,0.0533333333333333,0.9466666666666668,0.2189700704225352,0.2189700704225352,0.0,,,,,,0.213125,0.0466666666666666,0.0,0.0
a0_75_primary,star-seed-21-R1,21,300,16,star,0.4,symmetric_0.20,0.2,0.2,1,True,DataAgnosticRandomTree,0.216875,0.0633333333333333,0.5627887442251155,133,False,0,0.9333333333333332,0.0504825999960303,0.0002250999968964,0.0501412000012351,0,primary,not_binary,,,,,,,0.69,0.3,0.19375,0.1979166666666666,-0.0041666666666666,,,,,,0.213125,0.0466666666666666,0.0037500000000000033,0.016666666666666698
a0_75_primary,star-seed-21-R1,21,300,16,star,0.4,symmetric_0.20,0.2,0.2,1,True,BinaryMWST,0.213125,0.0466666666666666,0.6488156539649845,0,True,0,0.0,0.0467954999912763,0.0005767999973613,0.0460368000058224,-1,not_random,observed,True,True,,,,,0.0533333333333333,0.9466666666666668,0.2189700704225352,0.2189700704225352,0.0,,,,,,0.213125,0.0466666666666666,0.0,0.0
a0_75_primary,star-seed-21-R1,21,300,16,star,0.4,symmetric_0.20,0.2,0.2,1,True,NoiseCorrectedMWST,0.2020833333333333,0.0566666666666666,0.6358858858858859,93,False,0,0.2666666666666667,0.0584586999902967,0.0007451000128639,0.0575431000033859,-1,not_random,not_binary,,,,,,,0.56,0.4366666666666666,0.2061068702290076,0.2061068702290076,0.0,,,,,,0.213125,0.0466666666666666,-0.0110416666666667,0.010000000000000002
a0_75_primary,star-seed-21-R1,21,300,16,star,0.4,symmetric_0.20,0.2,0.2,1,True,BootstrapStabilityMWST,0.2033333333333333,0.06,0.6294608959757023,107,False,0,0.3333333333333333,0.0845448000036412,0.039440900000045,0.0449536000087391,-1,not_random,not_binary,,,,,,,0.5533333333333333,0.4433333333333333,0.2086466165413533,0.2058270676691729,0.0028195488721804,100.0,,,,,0.213125,0.0466666666666666,-0.009791666666666698,0.013333333333333398
a0_75_primary,star-seed-21-R1,21,300,16,star,0.4,symmetric_0.20,0.2,0.2,1,True,AlternatingTreeIncidenceEstimator,0.2020833333333333,0.0566666666666666,0.6358858858858859,93,False,0,0.2666666666666667,0.0520872000051895,0.0022871999972267,0.048777300005895,-1,not_random,not_binary,,,0.0,True,False,False,0.56,0.4366666666666666,0.2061068702290076,0.2061068702290076,0.0,,,,,,0.213125,0.0466666666666666,-0.0110416666666667,0.010000000000000002
a0_75_primary,star-seed-22-R1,22,300,16,star,0.4,symmetric_0.20,0.2,0.2,1,True,TrueTreeOracle,0.2141666666666666,0.0633333333333333,0.6593770709078861,0,True,0,0.0,0.0430087999993702,0.0001225000014528,0.0426957000017864,-1,not_random,not_binary,,,,,,,0.0833333333333333,0.9166666666666666,0.2272727272727272,0.2272727272727272,0.0,,,,,,0.2141666666666666,0.0633333333333333,0.0,0.0
a0_75_primary,star-seed-22-R1,22,300,16,star,0.4,symmetric_0.20,0.2,0.2,1,True,DataAgnosticRandomTree,0.2208333333333333,0.0833333333333333,0.5846394984326019,140,False,0,0.8666666666666667,0.062422000002698,0.0006053999968571,0.0616907999938121,0,primary,not_binary,,,,,,,0.62,0.3733333333333333,0.2533482142857143,0.2327008928571428,0.0206473214285714,,,,,,0.2141666666666666,0.0633333333333333,0.00666666666666671,0.020000000000000004
a0_75_primary,star-seed-22-R1,22,300,16,star,0.4,symmetric_0.20,0.2,0.2,1,True,BinaryMWST,0.2141666666666666,0.0633333333333333,0.6593770709078861,0,True,0,0.0,0.0479378000018186,0.0009925000049406,0.0466451999964192,-1,not_random,observed,True,True,,,,,0.0833333333333333,0.9166666666666666,0.2272727272727272,0.2272727272727272,0.0,,,,,,0.2141666666666666,0.0633333333333333,0.0,0.0
a0_75_primary,star-seed-22-R1,22,300,16,star,0.4,symmetric_0.20,0.2,0.2,1,True,NoiseCorrectedMWST,0.2110416666666666,0.0633333333333333,0.6581167735403307,26,False,0,0.0666666666666666,0.050194299998111,0.0006961999897612,0.0492639000003691,-1,not_random,not_binary,,,,,,,0.2266666666666666,0.77,0.2232142857142857,0.2232142857142857,0.0,,,,,,0.2141666666666666,0.0633333333333333,-0.003124999999999989,0.0
a0_75_primary,star-seed-22-R1,22,300,16,star,0.4,symmetric_0.20,0.2,0.2,1,True,BootstrapStabilityMWST,0.2110416666666666,0.0633333333333333,0.6581167735403307,26,False,0,0.0666666666666666,0.0959431999945081,0.0565174000075785,0.0392164999939268,-1,not_random,not_binary,,,,,,,0.2266666666666666,0.77,0.2232142857142857,0.2232142857142857,0.0,100.0,,,,,0.2141666666666666,0.0633333333333333,-0.003124999999999989,0.0
a0_75_primary,star-seed-22-R1,22,300,16,star,0.4,symmetric_0.20,0.2,0.2,1,True,AlternatingTreeIncidenceEstimator,0.2110416666666666,0.0633333333333333,0.6581167735403307,26,False,0,0.0666666666666666,0.0552020999894011,0.0017017000063788,0.0529527000035159,-1,not_random,not_binary,,,0.0,True,False,False,0.2266666666666666,0.77,0.2232142857142857,0.2232142857142857,0.0,,,,,,0.2141666666666666,0.0633333333333333,-0.003124999999999989,0.0
a0_75_primary,star-seed-23-R1,23,300,16,star,0.4,symmetric_0.20,0.2,0.2,1,True,TrueTreeOracle,0.22,0.0433333333333333,0.6602316602316602,0,True,0,0.0,0.0510582999995676,0.0001845000078901,0.0507010000001173,-1,not_random,not_binary,,,,,,,0.0533333333333333,0.9466666666666668,0.227112676056338,0.227112676056338,0.0,,,,,,0.22,0.0433333333333333,0.0,0.0
a0_75_primary,star-seed-23-R1,23,300,16,star,0.4,symmetric_0.20,0.2,0.2,1,True,DataAgnosticRandomTree,0.2310416666666666,0.07,0.5813514533786335,141,False,0,0.9333333333333332,0.0361008999898331,0.0007735999970464,0.0352487999916775,0,primary,not_binary,,,,,,,0.6733333333333333,0.3233333333333333,0.2338917525773196,0.2184278350515464,0.0154639175257731,,,,,,0.22,0.0433333333333333,0.011041666666666589,0.026666666666666707
a0_75_primary,star-seed-23-R1,23,300,16,star,0.4,symmetric_0.20,0.2,0.2,1,True,BinaryMWST,0.22,0.0433333333333333,0.6602316602316602,0,True,0,0.0,0.0378817999880993,0.0005523999861907,0.0371722999989287,-1,not_random,observed,True,True,,,,,0.0533333333333333,0.9466666666666668,0.227112676056338,0.227112676056338,0.0,,,,,,0.22,0.0433333333333333,0.0,0.0
a0_75_primary,star-seed-23-R1,23,300,16,star,0.4,symmetric_0.20,0.2,0.2,1,True,NoiseCorrectedMWST,0.22,0.0433333333333333,0.6602316602316602,0,True,0,0.0,0.0461384999944129,0.0002785999968182,0.0457603999966522,-1,not_random,not_binary,,,,,,,0.0533333333333333,0.9466666666666668,0.227112676056338,0.227112676056338,0.0,,,,,,0.22,0.0433333333333333,0.0,0.0
a0_75_primary,star-seed-23-R1,23,300,16,star,0.4,symmetric_0.20,0.2,0.2,1,True,BootstrapStabilityMWST,0.22,0.0433333333333333,0.6602316602316602,0,True,0,0.0,0.071753099997295,0.0385815000045113,0.0330146999913267,-1,not_random,not_binary,,,,,,,0.0533333333333333,0.9466666666666668,0.227112676056338,0.227112676056338,0.0,100.0,,,,,0.22,0.0433333333333333,0.0,0.0
a0_75_primary,star-seed-23-R1,23,300,16,star,0.4,symmetric_0.20,0.2,0.2,1,True,AlternatingTreeIncidenceEstimator,0.22,0.0433333333333333,0.6602316602316602,0,True,0,0.0,0.0336384999973233,0.000940800004173,0.0321201999904587,-1,not_random,not_binary,,,0.0,True,False,False,0.0533333333333333,0.9466666666666668,0.227112676056338,0.227112676056338,0.0,,,,,,0.22,0.0433333333333333,0.0,0.0
a0_75_primary,star-seed-24-R1,24,300,16,star,0.4,symmetric_0.20,0.2,0.2,1,True,TrueTreeOracle,0.211875,0.0433333333333333,0.6292380605176814,0,True,0,0.0,0.0300551999971503,9.250000584870576e-05,0.0298922999936621,-1,not_random,not_binary,,,,,,,0.1,0.9,0.2252314814814814,0.2252314814814814,0.0,,,,,,0.211875,0.0433333333333333,0.0,0.0
a0_75_primary,star-seed-24-R1,24,300,16,star,0.4,symmetric_0.20,0.2,0.2,1,True,DataAgnosticRandomTree,0.2047916666666666,0.08,0.5492893168271434,115,False,0,0.8,0.0411664999992353,0.0002455999929225,0.0407992999971611,0,primary,not_binary,,,,,,,0.6566666666666666,0.3366666666666666,0.208539603960396,0.2227722772277227,-0.0142326732673267,,,,,,0.211875,0.0433333333333333,-0.007083333333333414,0.0366666666666667
a0_75_primary,star-seed-24-R1,24,300,16,star,0.4,symmetric_0.20,0.2,0.2,1,True,BinaryMWST,0.211875,0.0433333333333333,0.6292380605176814,0,True,0,0.0,0.0335424000077182,0.000280099993688,0.0331889000080991,-1,not_random,observed,True,True,,,,,0.1,0.9,0.2252314814814814,0.2252314814814814,0.0,,,,,,0.211875,0.0433333333333333,0.0,0.0
a0_75_primary,star-seed-24-R1,24,300,16,star,0.4,symmetric_0.20,0.2,0.2,1,True,NoiseCorrectedMWST,0.2052083333333333,0.0666666666666666,0.6189555125725338,61,False,0,0.1999999999999999,0.0514265999954659,0.0002966000029118,0.0510068000003229,-1,not_random,not_binary,,,,,,,0.3866666666666666,0.6133333333333333,0.2204483695652173,0.2194293478260869,0.0010190217391304,,,,,,0.211875,0.0433333333333333,-0.00666666666666671,0.023333333333333296
a0_75_primary,star-seed-24-R1,24,300,16,star,0.4,symmetric_0.20,0.2,0.2,1,True,BootstrapStabilityMWST,0.2047916666666666,0.0633333333333333,0.6240917782026768,44,False,0,0.1333333333333333,0.0771989000058965,0.0417976000026101,0.0352066999912494,-1,not_random,not_binary,,,,,,,0.3966666666666666,0.6033333333333334,0.2178867403314917,0.2178867403314917,0.0,100.0,,,,,0.211875,0.0433333333333333,-0.007083333333333414,0.019999999999999997
a0_75_primary,star-seed-24-R1,24,300,16,star,0.4,symmetric_0.20,0.2,0.2,1,True,AlternatingTreeIncidenceEstimator,0.2052083333333333,0.0666666666666666,0.6189555125725338,61,False,0,0.1999999999999999,0.0481398999982047,0.0011371000146027,0.0466558999905828,-1,not_random,not_binary,,,0.0,True,False,False,0.3866666666666666,0.6133333333333333,0.2204483695652173,0.2194293478260869,0.0010190217391304,,,,,,0.211875,0.0433333333333333,-0.00666666666666671,0.023333333333333296
a0_75_primary,star-seed-25-R1,25,300,16,star,0.4,symmetric_0.20,0.2,0.2,1,True,TrueTreeOracle,0.2120833333333333,0.0666666666666666,0.6465277777777779,0,True,0,0.0,0.0536339000100269,0.0001034000015351,0.0534287999907974,-1,not_random,not_binary,,,,,,,0.0966666666666666,0.9033333333333332,0.2264760147601476,0.2264760147601476,0.0,,,,,,0.2120833333333333,0.0666666666666666,0.0,0.0
a0_75_primary,star-seed-25-R1,25,300,16,star,0.4,symmetric_0.20,0.2,0.2,1,True,DataAgnosticRandomTree,0.2210416666666666,0.08,0.5471617584293641,128,False,0,0.9333333333333332,0.0533835000096587,0.0007703999872319,0.0524308000021846,0,primary,not_binary,,,,,,,0.6933333333333334,0.2933333333333333,0.2329545454545454,0.2180397727272727,0.0149147727272727,,,,,,0.2120833333333333,0.0666666666666666,0.008958333333333318,0.013333333333333405
a0_75_primary,star-seed-25-R1,25,300,16,star,0.4,symmetric_0.20,0.2,0.2,1,True,BinaryMWST,0.2120833333333333,0.0666666666666666,0.6465277777777779,0,True,0,0.0,0.0433125999988988,0.0003967999946326,0.0428264000074705,-1,not_random,observed,True,True,,,,,0.0966666666666666,0.9033333333333332,0.2264760147601476,0.2264760147601476,0.0,,,,,,0.2120833333333333,0.0666666666666666,0.0,0.0
a0_75_primary,star-seed-25-R1,25,300,16,star,0.4,symmetric_0.20,0.2,0.2,1,True,NoiseCorrectedMWST,0.2060416666666666,0.0833333333333333,0.6302803738317757,75,False,0,0.2666666666666667,0.0288944999920204,0.0002840999950421,0.0283743000036338,-1,not_random,not_binary,,,,,,,0.5333333333333333,0.4633333333333333,0.224820143884892,0.2212230215827338,0.0035971223021582,,,,,,0.2120833333333333,0.0666666666666666,-0.006041666666666695,0.016666666666666705
a0_75_primary,star-seed-25-R1,25,300,16,star,0.4,symmetric_0.20,0.2,0.2,1,True,BootstrapStabilityMWST,0.200625,0.1033333333333333,0.6277541553923464,89,False,0,0.4,0.0790696000040043,0.0414889999956358,0.0374920000031124,-1,not_random,not_binary,,,,,,,0.62,0.3766666666666666,0.2300884955752212,0.2228982300884955,0.0071902654867256,100.0,,,,,0.2120833333333333,0.0666666666666666,-0.011458333333333293,0.03666666666666671
a0_75_primary,star-seed-25-R1,25,300,16,star,0.4,symmetric_0.20,0.2,0.2,1,True,AlternatingTreeIncidenceEstimator,0.2060416666666666,0.0833333333333333,0.6302803738317757,75,False,0,0.2666666666666667,0.0417193999892333,0.000965700004599,0.0401566999935312,-1,not_random,not_binary,,,0.0,True,False,False,0.5333333333333333,0.4633333333333333,0.224820143884892,0.2212230215827338,0.0035971223021582,,,,,,0.2120833333333333,0.0666666666666666,-0.006041666666666695,0.016666666666666705
a0_75_primary,star-seed-26-R1,26,300,16,star,0.4,symmetric_0.20,0.2,0.2,1,True,TrueTreeOracle,0.2066666666666666,0.0433333333333333,0.6704318936877076,0,True,0,0.0,0.047693699991214,0.0002124000020558,0.0473078000068198,-1,not_random,not_binary,,,,,,,0.0866666666666666,0.9133333333333332,0.2176094890510949,0.2176094890510949,0.0,,,,,,0.2066666666666666,0.0433333333333333,0.0,0.0
a0_75_primary,star-seed-26-R1,26,300,16,star,0.4,symmetric_0.20,0.2,0.2,1,True,DataAgnosticRandomTree,0.215625,0.0666666666666666,0.5742492801316331,134,False,0,0.8666666666666667,0.0508639000036055,0.0004181999975116,0.0503721999994013,0,primary,not_binary,,,,,,,0.66,0.3166666666666666,0.2151315789473684,0.2210526315789473,-0.0059210526315789,,,,,,0.2066666666666666,0.0433333333333333,0.008958333333333401,0.023333333333333296
a0_75_primary,star-seed-26-R1,26,300,16,star,0.4,symmetric_0.20,0.2,0.2,1,True,BinaryMWST,0.2066666666666666,0.0433333333333333,0.6704318936877076,0,True,0,0.0,0.0453370000032009,0.0005038999952375,0.0446757000026991,-1,not_random,observed,True,True,,,,,0.0866666666666666,0.9133333333333332,0.2176094890510949,0.2176094890510949,0.0,,,,,,0.2066666666666666,0.0433333333333333,0.0,0.0
a0_75_primary,star-seed-26-R1,26,300,16,star,0.4,symmetric_0.20,0.2,0.2,1,True,NoiseCorrectedMWST,0.2066666666666666,0.0433333333333333,0.6704318936877076,0,True,0,0.0,0.0489035999926272,0.0005453999910969,0.048193499998888,-1,not_random,not_binary,,,,,,,0.0866666666666666,0.9133333333333332,0.2176094890510949,0.2176094890510949,0.0,,,,,,0.2066666666666666,0.0433333333333333,0.0,0.0
a0_75_primary,star-seed-26-R1,26,300,16,star,0.4,symmetric_0.20,0.2,0.2,1,True,BootstrapStabilityMWST,0.2066666666666666,0.0433333333333333,0.6704318936877076,0,True,0,0.0,0.0905666999897221,0.0403047999861883,0.0500974000024143,-1,not_random,not_binary,,,,,,,0.0866666666666666,0.9133333333333332,0.2176094890510949,0.2176094890510949,0.0,100.0,,,,,0.2066666666666666,0.0433333333333333,0.0,0.0
a0_75_primary,star-seed-26-R1,26,300,16,star,0.4,symmetric_0.20,0.2,0.2,1,True,AlternatingTreeIncidenceEstimator,0.2066666666666666,0.0433333333333333,0.6704318936877076,0,True,0,0.0,0.0486518999969121,0.0013575999910244,0.046671599993715,-1,not_random,not_binary,,,0.0,True,False,False,0.0866666666666666,0.9133333333333332,0.2176094890510949,0.2176094890510949,0.0,,,,,,0.2066666666666666,0.0433333333333333,0.0,0.0
a0_75_primary,star-seed-27-R1,27,300,16,star,0.4,symmetric_0.20,0.2,0.2,1,True,TrueTreeOracle,0.2222916666666666,0.0633333333333333,0.618519842688595,0,True,0,0.0,0.0340693000034661,0.0001501999940956,0.0338439000042853,-1,not_random,not_binary,,,,,,,0.09,0.91,0.2369505494505494,0.2369505494505494,0.0,,,,,,0.2222916666666666,0.0633333333333333,0.0,0.0
a0_75_primary,star-seed-27-R1,27,300,16,star,0.4,symmetric_0.20,0.2,0.2,1,True,DataAgnosticRandomTree,0.21875,0.0833333333333333,0.5165745856353592,120,False,0,0.9333333333333332,0.0395337000081781,0.0002372000017203,0.0390860999905271,0,primary,not_binary,,,,,,,0.6766666666666666,0.32,0.2252604166666666,0.2415364583333333,-0.0162760416666666,,,,,,0.2222916666666666,0.0633333333333333,-0.0035416666666666097,0.020000000000000004
a0_75_primary,star-seed-27-R1,27,300,16,star,0.4,symmetric_0.20,0.2,0.2,1,True,BinaryMWST,0.2222916666666666,0.0633333333333333,0.618519842688595,0,True,0,0.0,0.0409032000025035,0.0002657000004546,0.0405643999984022,-1,not_random,observed,True,True,,,,,0.09,0.91,0.2369505494505494,0.2369505494505494,0.0,,,,,,0.2222916666666666,0.0633333333333333,0.0,0.0
a0_75_primary,star-seed-27-R1,27,300,16,star,0.4,symmetric_0.20,0.2,0.2,1,True,NoiseCorrectedMWST,0.22,0.06,0.6148796498905907,29,False,0,0.0666666666666666,0.0437073000066448,0.0003355999942868,0.0432679000077769,-1,not_random,not_binary,,,,,,,0.2533333333333333,0.7466666666666667,0.2290736607142857,0.2290736607142857,0.0,,,,,,0.2222916666666666,0.0633333333333333,-0.0022916666666666086,-0.0033333333333332993
a0_75_primary,star-seed-27-R1,27,300,16,star,0.4,symmetric_0.20,0.2,0.2,1,True,BootstrapStabilityMWST,0.215,0.06,0.6137724550898204,48,False,0,0.1333333333333333,0.0929791000089608,0.0427725000045029,0.050018199995975,-1,not_random,not_binary,,,,,,,0.3933333333333333,0.6066666666666667,0.2266483516483516,0.2266483516483516,0.0,100.0,,,,,0.2222916666666666,0.0633333333333333,-0.007291666666666613,-0.0033333333333332993
a0_75_primary,star-seed-27-R1,27,300,16,star,0.4,symmetric_0.20,0.2,0.2,1,True,AlternatingTreeIncidenceEstimator,0.2222916666666666,0.0633333333333333,0.618519842688595,0,True,0,0.0,0.1140516000014031,0.002470000021276,0.1104609000030905,-1,not_random,not_binary,,,1.0,True,True,False,0.09,0.91,0.2369505494505494,0.2369505494505494,0.0,,,,,,0.2222916666666666,0.0633333333333333,0.0,0.0
a0_75_primary,star-seed-28-R1,28,300,16,star,0.4,symmetric_0.20,0.2,0.2,1,True,TrueTreeOracle,0.2135416666666666,0.0433333333333333,0.6563861884009387,0,True,0,0.0,0.0677059000008739,0.0002361999941058,0.0672685000026831,-1,not_random,not_binary,,,,,,,0.0866666666666666,0.9133333333333332,0.2255930656934306,0.2255930656934306,0.0,,,,,,0.2135416666666666,0.0433333333333333,0.0,0.0
a0_75_primary,star-seed-28-R1,28,300,16,star,0.4,symmetric_0.20,0.2,0.2,1,True,DataAgnosticRandomTree,0.2141666666666666,0.0666666666666666,0.5974941268598277,134,False,0,0.8666666666666667,0.0626671000063652,0.0008819000067887,0.0615856999938841,0,primary,not_binary,,,,,,,0.6833333333333333,0.3066666666666666,0.2452445652173913,0.2194293478260869,0.0258152173913043,,,,,,0.2135416666666666,0.0433333333333333,0.0006249999999999867,0.023333333333333296
a0_75_primary,star-seed-28-R1,28,300,16,star,0.4,symmetric_0.20,0.2,0.2,1,True,BinaryMWST,0.2135416666666666,0.0433333333333333,0.6563861884009387,0,True,0,0.0,0.0679538999975193,0.0003275999915786,0.0673115999961737,-1,not_random,observed,True,True,,,,,0.0866666666666666,0.9133333333333332,0.2255930656934306,0.2255930656934306,0.0,,,,,,0.2135416666666666,0.0433333333333333,0.0,0.0
a0_75_primary,star-seed-28-R1,28,300,16,star,0.4,symmetric_0.20,0.2,0.2,1,True,NoiseCorrectedMWST,0.2135416666666666,0.0433333333333333,0.6563861884009387,0,True,0,0.0,0.0775824000011198,0.0010904000082518,0.0762575000117067,-1,not_random,not_binary,,,,,,,0.0866666666666666,0.9133333333333332,0.2255930656934306,0.2255930656934306,0.0,,,,,,0.2135416666666666,0.0433333333333333,0.0,0.0
a0_75_primary,star-seed-28-R1,28,300,16,star,0.4,symmetric_0.20,0.2,0.2,1,True,BootstrapStabilityMWST,0.2135416666666666,0.0433333333333333,0.6563861884009387,0,True,0,0.0,0.1462426999933086,0.0741330000018933,0.0718816999869886,-1,not_random,not_binary,,,,,,,0.0866666666666666,0.9133333333333332,0.2255930656934306,0.2255930656934306,0.0,100.0,,,,,0.2135416666666666,0.0433333333333333,0.0,0.0
a0_75_primary,star-seed-28-R1,28,300,16,star,0.4,symmetric_0.20,0.2,0.2,1,True,AlternatingTreeIncidenceEstimator,0.2135416666666666,0.0433333333333333,0.6563861884009387,0,True,0,0.0,0.0807707000058144,0.001886199999717,0.0779378000006545,-1,not_random,not_binary,,,0.0,True,False,False,0.0866666666666666,0.9133333333333332,0.2255930656934306,0.2255930656934306,0.0,,,,,,0.2135416666666666,0.0433333333333333,0.0,0.0
a0_75_primary,star-seed-29-R1,29,300,16,star,0.4,symmetric_0.20,0.2,0.2,1,True,TrueTreeOracle,0.2152083333333333,0.0733333333333333,0.6518368722615435,0,True,0,0.0,0.0689979000017046,0.0001612999913049,0.0685196999984327,-1,not_random,not_binary,,,,,,,0.0766666666666666,0.9233333333333332,0.22721119133574,0.22721119133574,0.0,,,,,,0.2152083333333333,0.0733333333333333,0.0,0.0
a0_75_primary,star-seed-29-R1,29,300,16,star,0.4,symmetric_0.20,0.2,0.2,1,True,DataAgnosticRandomTree,0.2216666666666666,0.05,0.5777777777777778,129,False,0,0.9333333333333332,0.0769355000084033,0.0007031999994069,0.07607859998825,0,primary,not_binary,,,,,,,0.6933333333333334,0.3,0.2354166666666666,0.2381944444444444,-0.0027777777777777,,,,,,0.2152083333333333,0.0733333333333333,0.006458333333333288,-0.023333333333333303
a0_75_primary,star-seed-29-R1,29,300,16,star,0.4,symmetric_0.20,0.2,0.2,1,True,BinaryMWST,0.2152083333333333,0.0733333333333333,0.6518368722615435,0,True,0,0.0,0.0473528000002261,0.0006503000040538,0.0466273999918485,-1,not_random,observed,True,True,,,,,0.0766666666666666,0.9233333333333332,0.22721119133574,0.22721119133574,0.0,,,,,,0.2152083333333333,0.0733333333333333,0.0,0.0
a0_75_primary,star-seed-29-R1,29,300,16,star,0.4,symmetric_0.20,0.2,0.2,1,True,NoiseCorrectedMWST,0.21,0.0733333333333333,0.6470588235294118,40,False,0,0.1333333333333333,0.051318199999514,0.0006492000102298,0.0505226999957812,-1,not_random,not_binary,,,,,,,0.36,0.6333333333333333,0.2263157894736842,0.2263157894736842,0.0,,,,,,0.2152083333333333,0.0733333333333333,-0.005208333333333315,0.0
a0_75_primary,star-seed-29-R1,29,300,16,star,0.4,symmetric_0.20,0.2,0.2,1,True,BootstrapStabilityMWST,0.21,0.0733333333333333,0.6470588235294118,40,False,0,0.1333333333333333,0.1121063000027788,0.0538129000051412,0.0582078000006731,-1,not_random,not_binary,,,,,,,0.36,0.6333333333333333,0.2263157894736842,0.2263157894736842,0.0,100.0,,,,,0.2152083333333333,0.0733333333333333,-0.005208333333333315,0.0
a0_75_primary,star-seed-29-R1,29,300,16,star,0.4,symmetric_0.20,0.2,0.2,1,True,AlternatingTreeIncidenceEstimator,0.21,0.0733333333333333,0.6470588235294118,40,False,0,0.1333333333333333,0.0513400000054389,0.0018367000011494,0.048593699990306,-1,not_random,not_binary,,,0.0,True,False,False,0.36,0.6333333333333333,0.2263157894736842,0.2263157894736842,0.0,,,,,,0.2152083333333333,0.0733333333333333,-0.005208333333333315,0.0
a0_75_primary,balanced-seed-00-R1,0,300,16,balanced,0.4,symmetric_0.20,0.2,0.2,1,True,TrueTreeOracle,0.149375,0.1466666666666666,0.5891117478510028,0,True,0,0.0,0.0628857999981846,9.599998884368688e-05,0.0625399999989895,-1,not_random,not_binary,,,,,,,0.57,0.43,0.1438953488372093,0.1438953488372093,0.0,,,,,,0.149375,0.1466666666666666,0.0,0.0
a0_75_primary,balanced-seed-00-R1,0,300,16,balanced,0.4,symmetric_0.20,0.2,0.2,1,True,DataAgnosticRandomTree,0.2141666666666666,0.0466666666666666,0.4437229437229436,176,False,0,1.0,0.0458664000034332,0.0003320999967399,0.0453463000012561,0,primary,not_binary,,,,,,,0.6833333333333333,0.1466666666666666,0.1818181818181818,0.1335227272727272,0.0482954545454545,,,,,,0.149375,0.1466666666666666,0.06479166666666658,-0.1
a0_75_primary,balanced-seed-00-R1,0,300,16,balanced,0.4,symmetric_0.20,0.2,0.2,1,True,BinaryMWST,0.19125,0.08,0.5248447204968945,63,False,0,0.4,0.038629899994703,0.0003547000087564,0.0381970000016735,-1,not_random,observed,True,True,,,,,0.5266666666666666,0.27,0.1859567901234567,0.1651234567901234,0.0208333333333333,,,,,,0.149375,0.1466666666666666,0.041874999999999996,-0.06666666666666661
a0_75_primary,balanced-seed-00-R1,0,300,16,balanced,0.4,symmetric_0.20,0.2,0.2,1,True,NoiseCorrectedMWST,0.17875,0.0833333333333333,0.5290889132821076,67,False,0,0.3333333333333333,0.044220600000699,0.0006632000004174,0.0434876999934203,-1,not_random,not_binary,,,,,,,0.5666666666666667,0.2766666666666666,0.1724397590361445,0.1483433734939759,0.0240963855421686,,,,,,0.149375,0.1466666666666666,0.029374999999999984,-0.06333333333333331
a0_75_primary,balanced-seed-00-R1,0,300,16,balanced,0.4,symmetric_0.20,0.2,0.2,1,True,BootstrapStabilityMWST,0.1772916666666666,0.0833333333333333,0.5269594219010562,90,False,0,0.4,0.0967315000016242,0.0388109000050462,0.0575610999949276,-1,not_random,not_binary,,,,,,,0.6,0.26,0.1706730769230769,0.1522435897435897,0.0184294871794871,100.0,,,,,0.149375,0.1466666666666666,0.02791666666666659,-0.06333333333333331
a0_75_primary,balanced-seed-00-R1,0,300,16,balanced,0.4,symmetric_0.20,0.2,0.2,1,True,AlternatingTreeIncidenceEstimator,0.17875,0.0833333333333333,0.5290889132821076,67,False,0,0.3333333333333333,0.0466382000013254,0.0012750000023515,0.0447244999959366,-1,not_random,not_binary,,,0.0,True,False,False,0.5666666666666667,0.2766666666666666,0.1724397590361445,0.1483433734939759,0.0240963855421686,,,,,,0.149375,0.1466666666666666,0.029374999999999984,-0.06333333333333331
a0_75_primary,balanced-seed-01-R1,1,300,16,balanced,0.4,symmetric_0.20,0.2,0.2,1,True,TrueTreeOracle,0.1375,0.1833333333333333,0.6033653846153846,0,True,0,0.0,0.0531227000028593,0.0001725999900372,0.0526744999951915,-1,not_random,not_binary,,,,,,,0.5666666666666667,0.4333333333333333,0.1360576923076923,0.1360576923076923,0.0,,,,,,0.1375,0.1833333333333333,0.0,0.0
a0_75_primary,balanced-seed-01-R1,1,300,16,balanced,0.4,symmetric_0.20,0.2,0.2,1,True,DataAgnosticRandomTree,0.1860416666666666,0.0633333333333333,0.4365930599369085,173,False,0,0.9333333333333332,0.0400230999948689,0.0005221999890636,0.0393867999955546,0,primary,not_binary,,,,,,,0.7066666666666667,0.14,0.1934523809523809,0.15625,0.0372023809523809,,,,,,0.1375,0.1833333333333333,0.048541666666666594,-0.12
a0_75_primary,balanced-seed-01-R1,1,300,16,balanced,0.4,symmetric_0.20,0.2,0.2,1,True,BinaryMWST,0.16,0.1166666666666666,0.5596330275229358,59,False,0,0.4,0.0444881000003078,0.0010693999938666,0.0432670000009238,-1,not_random,observed,True,True,,,,,0.5766666666666667,0.26,0.1402243589743589,0.1314102564102564,0.0088141025641025,,,,,,0.1375,0.1833333333333333,0.022499999999999992,-0.0666666666666667
a0_75_primary,balanced-seed-01-R1,1,300,16,balanced,0.4,symmetric_0.20,0.2,0.2,1,True,NoiseCorrectedMWST,0.1552083333333333,0.1166666666666666,0.5568114217727543,57,False,0,0.3333333333333333,0.0692053999955533,0.0011727000091923,0.0678771000093547,-1,not_random,not_binary,,,,,,,0.5633333333333334,0.2866666666666667,0.1409883720930232,0.1228197674418604,0.0181686046511627,,,,,,0.1375,0.1833333333333333,0.017708333333333298,-0.0666666666666667
a0_75_primary,balanced-seed-01-R1,1,300,16,balanced,0.4,symmetric_0.20,0.2,0.2,1,True,BootstrapStabilityMWST,0.1552083333333333,0.1166666666666666,0.5568114217727543,57,False,0,0.3333333333333333,0.1039274999930057,0.0458202999870991,0.0579866000043693,-1,not_random,not_binary,,,,,,,0.5633333333333334,0.2866666666666667,0.1409883720930232,0.1228197674418604,0.0181686046511627,100.0,,,,,0.1375,0.1833333333333333,0.017708333333333298,-0.0666666666666667
a0_75_primary,balanced-seed-01-R1,1,300,16,balanced,0.4,symmetric_0.20,0.2,0.2,1,True,AlternatingTreeIncidenceEstimator,0.1552083333333333,0.1166666666666666,0.5568114217727543,57,False,0,0.3333333333333333,0.0461722000036388,0.0014045999996596,0.0440685999928973,-1,not_random,not_binary,,,0.0,True,False,False,0.5633333333333334,0.2866666666666667,0.1409883720930232,0.1228197674418604,0.0181686046511627,,,,,,0.1375,0.1833333333333333,0.017708333333333298,-0.0666666666666667
a0_75_primary,balanced-seed-02-R1,2,300,16,balanced,0.4,symmetric_0.20,0.2,0.2,1,True,TrueTreeOracle,0.141875,0.1866666666666666,0.6189143816452155,0,True,0,0.0,0.0564274000062141,0.0002046000008704,0.0560532999952556,-1,not_random,not_binary,,,,,,,0.61,0.39,0.1367521367521367,0.1367521367521367,0.0,,,,,,0.141875,0.1866666666666666,0.0,0.0
a0_75_primary,balanced-seed-02-R1,2,300,16,balanced,0.4,symmetric_0.20,0.2,0.2,1,True,DataAgnosticRandomTree,0.2033333333333333,0.0533333333333333,0.4218009478672985,178,False,0,0.8,0.0516688000061549,0.0003099000023212,0.0512468999950215,0,primary,not_binary,,,,,,,0.64,0.15,0.2138888888888888,0.1625,0.0513888888888888,,,,,,0.141875,0.1866666666666666,0.06145833333333331,-0.1333333333333333
a0_75_primary,balanced-seed-02-R1,2,300,16,balanced,0.4,symmetric_0.20,0.2,0.2,1,True,BinaryMWST,0.175,0.1166666666666666,0.5674562306900103,90,False,0,0.5333333333333333,0.0451215999928535,0.0006059000006644,0.0444273000030079,-1,not_random,observed,True,True,,,,,0.6366666666666667,0.1766666666666666,0.1768867924528301,0.1450471698113207,0.0318396226415094,,,,,,0.141875,0.1866666666666666,0.03312499999999999,-0.06999999999999999
a0_75_primary,balanced-seed-02-R1,2,300,16,balanced,0.4,symmetric_0.20,0.2,0.2,1,True,NoiseCorrectedMWST,0.1633333333333333,0.1166666666666666,0.552,106,False,0,0.5333333333333333,0.0536850999924354,0.0002773999876808,0.0533368000033078,-1,not_random,not_binary,,,,,,,0.57,0.19,0.1326754385964912,0.1107456140350877,0.0219298245614035,,,,,,0.141875,0.1866666666666666,0.0214583333333333,-0.06999999999999999
a0_75_primary,balanced-seed-02-R1,2,300,16,balanced,0.4,symmetric_0.20,0.2,0.2,1,True,BootstrapStabilityMWST,0.1633333333333333,0.13,0.5644444444444444,93,False,0,0.4666666666666667,0.0977145999931963,0.0469145999959437,0.0507210999930975,-1,not_random,not_binary,,,,,,,0.5133333333333333,0.2033333333333333,0.125,0.1219262295081967,0.0030737704918032,100.0,,,,,0.141875,0.1866666666666666,0.0214583333333333,-0.05666666666666659
a0_75_primary,balanced-seed-02-R1,2,300,16,balanced,0.4,symmetric_0.20,0.2,0.2,1,True,AlternatingTreeIncidenceEstimator,0.1633333333333333,0.1166666666666666,0.552,106,False,0,0.5333333333333333,0.0518959000037284,0.0009047000057762,0.0504819000052521,-1,not_random,not_binary,,,0.0,True,False,False,0.57,0.19,0.1326754385964912,0.1107456140350877,0.0219298245614035,,,,,,0.141875,0.1866666666666666,0.0214583333333333,-0.06999999999999999
a0_75_primary,balanced-seed-03-R1,3,300,16,balanced,0.4,symmetric_0.20,0.2,0.2,1,True,TrueTreeOracle,0.1302083333333333,0.2033333333333333,0.6364165212332752,0,True,0,0.0,0.0485078000056091,0.0001794999989215,0.0482119000080274,-1,not_random,not_binary,,,,,,,0.6033333333333334,0.3966666666666666,0.1349789915966386,0.1349789915966386,0.0,,,,,,0.1302083333333333,0.2033333333333333,0.0,0.0
a0_75_primary,balanced-seed-03-R1,3,300,16,balanced,0.4,symmetric_0.20,0.2,0.2,1,True,DataAgnosticRandomTree,0.1777083333333333,0.07,0.4535554131966688,170,False,0,0.9333333333333332,0.0452158999978564,0.0004023000074084,0.044731199988746,0,primary,not_binary,,,,,,,0.62,0.1466666666666666,0.1661931818181818,0.1448863636363636,0.0213068181818181,,,,,,0.1302083333333333,0.2033333333333333,0.047500000000000014,-0.1333333333333333
a0_75_primary,balanced-seed-03-R1,3,300,16,balanced,0.4,symmetric_0.20,0.2,0.2,1,True,BinaryMWST,0.1845833333333333,0.0766666666666666,0.5447070914696813,101,False,0,0.5333333333333333,0.0608451000007335,0.0007427999953506,0.059846699994523,-1,not_random,observed,True,True,,,,,0.5233333333333333,0.1966666666666666,0.1588983050847457,0.125,0.0338983050847457,,,,,,0.1302083333333333,0.2033333333333333,0.05437500000000001,-0.1266666666666667
a0_75_primary,balanced-seed-03-R1,3,300,16,balanced,0.4,symmetric_0.20,0.2,0.2,1,True,NoiseCorrectedMWST,0.1529166666666666,0.1466666666666666,0.5839002267573696,62,False,0,0.2666666666666667,0.0456533000105991,0.0007421000045724,0.0447574999998323,-1,not_random,not_binary,,,,,,,0.5966666666666667,0.2833333333333333,0.1426470588235294,0.1301470588235294,0.0125,,,,,,0.1302083333333333,0.2033333333333333,0.022708333333333303,-0.0566666666666667
a0_75_primary,balanced-seed-03-R1,3,300,16,balanced,0.4,symmetric_0.20,0.2,0.2,1,True,BootstrapStabilityMWST,0.1529166666666666,0.1466666666666666,0.5839002267573696,62,False,0,0.2666666666666667,0.1267546000017319,0.0529723000072408,0.0735740000091027,-1,not_random,not_binary,,,,,,,0.5966666666666667,0.2833333333333333,0.1426470588235294,0.1301470588235294,0.0125,100.0,,,,,0.1302083333333333,0.2033333333333333,0.022708333333333303,-0.0566666666666667
a0_75_primary,balanced-seed-03-R1,3,300,16,balanced,0.4,symmetric_0.20,0.2,0.2,1,True,AlternatingTreeIncidenceEstimator,0.1529166666666666,0.1466666666666666,0.5839002267573696,62,False,0,0.2666666666666667,0.0610457000002497,0.0018375999934505,0.0584394999896176,-1,not_random,not_binary,,,0.0,True,False,False,0.5966666666666667,0.2833333333333333,0.1426470588235294,0.1301470588235294,0.0125,,,,,,0.1302083333333333,0.2033333333333333,0.022708333333333303,-0.0566666666666667
a0_75_primary,balanced-seed-04-R1,4,300,16,balanced,0.4,symmetric_0.20,0.2,0.2,1,True,TrueTreeOracle,0.1435416666666666,0.18,0.5765212046711738,0,True,0,0.0,0.05513309998787,0.0001948999997694,0.054793499992229,-1,not_random,not_binary,,,,,,,0.6,0.4,0.1348958333333333,0.1348958333333333,0.0,,,,,,0.1435416666666666,0.18,0.0,0.0
a0_75_primary,balanced-seed-04-R1,4,300,16,balanced,0.4,symmetric_0.20,0.2,0.2,1,True,DataAgnosticRandomTree,0.198125,0.0533333333333333,0.3780248528449967,171,False,0,0.9333333333333332,0.0555025000066962,0.0010780000011436,0.0542021000001113,0,primary,not_binary,,,,,,,0.67,0.15,0.1972222222222222,0.1541666666666666,0.0430555555555555,,,,,,0.1435416666666666,0.18,0.0545833333333334,-0.1266666666666667
a0_75_primary,balanced-seed-04-R1,4,300,16,balanced,0.4,symmetric_0.20,0.2,0.2,1,True,BinaryMWST,0.1677083333333333,0.1133333333333333,0.5194029850746269,95,False,0,0.4,0.0515747000026749,0.0006541999900946,0.0506992000009631,-1,not_random,observed,True,True,,,,,0.5966666666666667,0.2033333333333333,0.1403688524590164,0.1301229508196721,0.0102459016393442,,,,,,0.1435416666666666,0.18,0.024166666666666697,-0.0666666666666667
a0_75_primary,balanced-seed-04-R1,4,300,16,balanced,0.4,symmetric_0.20,0.2,0.2,1,True,NoiseCorrectedMWST,0.1677083333333333,0.1133333333333333,0.5194029850746269,95,False,0,0.4,0.0574320000014267,0.000788499994087,0.0563670999981695,-1,not_random,not_binary,,,,,,,0.5966666666666667,0.2033333333333333,0.1403688524590164,0.1301229508196721,0.0102459016393442,,,,,,0.1435416666666666,0.18,0.024166666666666697,-0.0666666666666667
a0_75_primary,balanced-seed-04-R1,4,300,16,balanced,0.4,symmetric_0.20,0.2,0.2,1,True,BootstrapStabilityMWST,0.1677083333333333,0.1133333333333333,0.5194029850746269,95,False,0,0.4,0.1179562999896006,0.0559690999943995,0.0617320999881485,-1,not_random,not_binary,,,,,,,0.5966666666666667,0.2033333333333333,0.1403688524590164,0.1301229508196721,0.0102459016393442,100.0,,,,,0.1435416666666666,0.18,0.024166666666666697,-0.0666666666666667
a0_75_primary,balanced-seed-04-R1,4,300,16,balanced,0.4,symmetric_0.20,0.2,0.2,1,True,AlternatingTreeIncidenceEstimator,0.1677083333333333,0.1133333333333333,0.5194029850746269,95,False,0,0.4,0.0697493999905418,0.0014246000064304,0.0673345000104745,-1,not_random,not_binary,,,0.0,True,False,False,0.5966666666666667,0.2033333333333333,0.1403688524590164,0.1301229508196721,0.0102459016393442,,,,,,0.1435416666666666,0.18,0.024166666666666697,-0.0666666666666667
a0_75_primary,balanced-seed-05-R1,5,300,16,balanced,0.4,symmetric_0.20,0.2,0.2,1,True,TrueTreeOracle,0.1375,0.15,0.6004842615012106,0,True,0,0.0,0.0662157000042498,0.0001161999971373,0.0659717999951681,-1,not_random,not_binary,,,,,,,0.5866666666666667,0.4133333333333333,0.1386088709677419,0.1386088709677419,0.0,,,,,,0.1375,0.15,0.0,0.0
a0_75_primary,balanced-seed-05-R1,5,300,16,balanced,0.4,symmetric_0.20,0.2,0.2,1,True,DataAgnosticRandomTree,0.190625,0.0366666666666666,0.393638170974155,159,False,0,1.0,0.0485979999939445,0.0009701999952085,0.0474137999990489,0,primary,not_binary,,,,,,,0.7033333333333334,0.1366666666666666,0.211890243902439,0.1341463414634146,0.0777439024390243,,,,,,0.1375,0.15,0.05312499999999998,-0.1133333333333334
a0_75_primary,balanced-seed-05-R1,5,300,16,balanced,0.4,symmetric_0.20,0.2,0.2,1,True,BinaryMWST,0.14875,0.1166666666666666,0.5693606755126659,40,False,0,0.3333333333333333,0.0484790000045904,0.001809499997762,0.0464544999995268,-1,not_random,observed,True,True,,,,,0.5866666666666667,0.28,0.1421130952380952,0.1391369047619047,0.0029761904761904,,,,,,0.1375,0.15,0.011249999999999982,-0.033333333333333395
a0_75_primary,balanced-seed-05-R1,5,300,16,balanced,0.4,symmetric_0.20,0.2,0.2,1,True,NoiseCorrectedMWST,0.14875,0.1166666666666666,0.5693606755126659,40,False,0,0.3333333333333333,0.0651696999993873,0.0006902000022819,0.0642889000009745,-1,not_random,not_binary,,,,,,,0.5866666666666667,0.28,0.1421130952380952,0.1391369047619047,0.0029761904761904,,,,,,0.1375,0.15,0.011249999999999982,-0.033333333333333395
a0_75_primary,balanced-seed-05-R1,5,300,16,balanced,0.4,symmetric_0.20,0.2,0.2,1,True,BootstrapStabilityMWST,0.149375,0.1033333333333333,0.5532710280373832,55,False,0,0.3333333333333333,0.0976402000087546,0.0398829999903682,0.0575510000053327,-1,not_random,not_binary,,,,,,,0.6066666666666667,0.24,0.140625,0.1276041666666666,0.0130208333333333,100.0,,,,,0.1375,0.15,0.011874999999999997,-0.04666666666666669
a0_75_primary,balanced-seed-05-R1,5,300,16,balanced,0.4,symmetric_0.20,0.2,0.2,1,True,AlternatingTreeIncidenceEstimator,0.14875,0.1166666666666666,0.5693606755126659,40,False,0,0.3333333333333333,0.0569007000012788,0.0014513000060105,0.0545715000043856,-1,not_random,not_binary,,,0.0,True,False,False,0.5866666666666667,0.28,0.1421130952380952,0.1391369047619047,0.0029761904761904,,,,,,0.1375,0.15,0.011249999999999982,-0.033333333333333395
a0_75_primary,balanced-seed-06-R1,6,300,16,balanced,0.4,symmetric_0.20,0.2,0.2,1,True,TrueTreeOracle,0.1422916666666666,0.2133333333333333,0.6177951874650252,0,True,0,0.0,0.0635959000064758,0.0001525999978184,0.0632675999950151,-1,not_random,not_binary,,,,,,,0.61,0.39,0.1447649572649572,0.1447649572649572,0.0,,,,,,0.1422916666666666,0.2133333333333333,0.0,0.0
a0_75_primary,balanced-seed-06-R1,6,300,16,balanced,0.4,symmetric_0.20,0.2,0.2,1,True,DataAgnosticRandomTree,0.203125,0.0833333333333333,0.4543928371572468,167,False,0,0.8,0.0557637000019894,0.0007146999996621,0.0547853000025497,0,primary,not_binary,,,,,,,0.7233333333333334,0.1366666666666666,0.1783536585365853,0.1128048780487804,0.0655487804878048,,,,,,0.1422916666666666,0.2133333333333333,0.060833333333333406,-0.13
a0_75_primary,balanced-seed-06-R1,6,300,16,balanced,0.4,symmetric_0.20,0.2,0.2,1,True,BinaryMWST,0.181875,0.11,0.5597579425113465,81,False,0,0.4666666666666667,0.0367908000043826,0.0002883999986806,0.0364155999996,-1,not_random,observed,True,True,,,,,0.59,0.2433333333333333,0.1660958904109589,0.1412671232876712,0.0248287671232876,,,,,,0.1422916666666666,0.2133333333333333,0.039583333333333415,-0.10333333333333329
a0_75_primary,balanced-seed-06-R1,6,300,16,balanced,0.4,symmetric_0.20,0.2,0.2,1,True,NoiseCorrectedMWST,0.1770833333333333,0.1266666666666666,0.5591286307053942,82,False,0,0.4,0.0421360000036656,0.0003412000078242,0.0415764999925158,-1,not_random,not_binary,,,,,,,0.6133333333333333,0.2,0.1416666666666666,0.1177083333333333,0.0239583333333333,,,,,,0.1422916666666666,0.2133333333333333,0.03479166666666669,-0.0866666666666667
a0_75_primary,balanced-seed-06-R1,6,300,16,balanced,0.4,symmetric_0.20,0.2,0.2,1,True,BootstrapStabilityMWST,0.1695833333333333,0.1466666666666666,0.5542168674698795,85,False,0,0.3333333333333333,0.0865395000000717,0.0310689000034471,0.0552410999953281,-1,not_random,not_binary,,,,,,,0.5566666666666666,0.2466666666666666,0.1393581081081081,0.1342905405405405,0.0050675675675675,100.0,,,,,0.1422916666666666,0.2133333333333333,0.027291666666666714,-0.06666666666666668
a0_75_primary,balanced-seed-06-R1,6,300,16,balanced,0.4,symmetric_0.20,0.2,0.2,1,True,AlternatingTreeIncidenceEstimator,0.1770833333333333,0.1266666666666666,0.5591286307053942,82,False,0,0.4,0.0500262999994447,0.0017173000087495,0.0474710000125924,-1,not_random,not_binary,,,0.0,True,False,False,0.6133333333333333,0.2,0.1416666666666666,0.1177083333333333,0.0239583333333333,,,,,,0.1422916666666666,0.2133333333333333,0.03479166666666669,-0.0866666666666667
a0_75_primary,balanced-seed-07-R1,7,300,16,balanced,0.4,symmetric_0.20,0.2,0.2,1,True,TrueTreeOracle,0.14125,0.21,0.5930372148859544,0,True,0,0.0,0.0428397999930894,0.0001912999869091,0.0424268000060692,-1,not_random,not_binary,,,,,,,0.6233333333333333,0.3766666666666666,0.1355088495575221,0.1355088495575221,0.0,,,,,,0.14125,0.21,0.0,0.0
a0_75_primary,balanced-seed-07-R1,7,300,16,balanced,0.4,symmetric_0.20,0.2,0.2,1,True,DataAgnosticRandomTree,0.1902083333333333,0.0633333333333333,0.4694944799535154,158,False,0,0.8,0.0391449000017019,0.0002250999968964,0.0388093999936245,0,primary,not_binary,,,,,,,0.6333333333333333,0.1566666666666666,0.2101063829787234,0.1289893617021276,0.0811170212765957,,,,,,0.14125,0.21,0.048958333333333326,-0.1466666666666667
a0_75_primary,balanced-seed-07-R1,7,300,16,balanced,0.4,symmetric_0.20,0.2,0.2,1,True,BinaryMWST,0.1633333333333333,0.1433333333333333,0.5393654524089307,67,False,0,0.3333333333333333,0.0505552999966312,0.0003468000068096,0.0497801000019535,-1,not_random,observed,True,True,,,,,0.6433333333333333,0.2333333333333333,0.15625,0.1267857142857142,0.0294642857142857,,,,,,0.14125,0.21,0.022083333333333316,-0.06666666666666668
a0_75_primary,balanced-seed-07-R1,7,300,16,balanced,0.4,symmetric_0.20,0.2,0.2,1,True,NoiseCorrectedMWST,0.1654166666666666,0.16,0.5351288056206088,65,False,0,0.3333333333333333,0.0490357999951811,0.0004896999889751,0.0483657000004313,-1,not_random,not_binary,,,,,,,0.6233333333333333,0.2133333333333333,0.1484375,0.1328125,0.015625,,,,,,0.14125,0.21,0.024166666666666614,-0.04999999999999999
a0_75_primary,balanced-seed-07-R1,7,300,16,balanced,0.4,symmetric_0.20,0.2,0.2,1,True,BootstrapStabilityMWST,0.16375,0.1233333333333333,0.5142150803461063,77,False,0,0.3333333333333333,0.0968179000046802,0.0455384999950183,0.0511817999940831,-1,not_random,not_binary,,,,,,,0.5933333333333334,0.23,0.1603260869565217,0.1394927536231884,0.0208333333333333,100.0,,,,,0.14125,0.21,0.02250000000000002,-0.0866666666666667
a0_75_primary,balanced-seed-07-R1,7,300,16,balanced,0.4,symmetric_0.20,0.2,0.2,1,True,AlternatingTreeIncidenceEstimator,0.1654166666666666,0.16,0.5351288056206088,65,False,0,0.3333333333333333,0.0475030999950831,0.0009000999853014,0.0462514999962877,-1,not_random,not_binary,,,0.0,True,False,False,0.6233333333333333,0.2133333333333333,0.1484375,0.1328125,0.015625,,,,,,0.14125,0.21,0.024166666666666614,-0.04999999999999999
a0_75_primary,balanced-seed-08-R1,8,300,16,balanced,0.4,symmetric_0.20,0.2,0.2,1,True,TrueTreeOracle,0.1445833333333333,0.1433333333333333,0.5721331689272503,0,True,0,0.0,0.038257699998212,8.779999916441739e-05,0.0380663000105414,-1,not_random,not_binary,,,,,,,0.62,0.38,0.1540570175438596,0.1540570175438596,0.0,,,,,,0.1445833333333333,0.1433333333333333,0.0,0.0
a0_75_primary,balanced-seed-08-R1,8,300,16,balanced,0.4,symmetric_0.20,0.2,0.2,1,True,DataAgnosticRandomTree,0.1902083333333333,0.0366666666666666,0.3997370151216304,160,False,0,0.9333333333333332,0.0371493999991798,0.0003280999953858,0.036758500005817,0,primary,not_binary,,,,,,,0.6733333333333333,0.1233333333333333,0.1993243243243243,0.1689189189189189,0.0304054054054054,,,,,,0.1445833333333333,0.1433333333333333,0.045625,-0.10666666666666672
a0_75_primary,balanced-seed-08-R1,8,300,16,balanced,0.4,symmetric_0.20,0.2,0.2,1,True,BinaryMWST,0.180625,0.0633333333333333,0.5020103388856979,126,False,0,0.6,0.0360258000000612,0.000640399986878,0.0352247999981045,-1,not_random,observed,True,True,,,,,0.58,0.1933333333333333,0.1767241379310344,0.1411637931034483,0.0355603448275862,,,,,,0.1445833333333333,0.1433333333333333,0.036041666666666694,-0.08000000000000002
a0_75_primary,balanced-seed-08-R1,8,300,16,balanced,0.4,symmetric_0.20,0.2,0.2,1,True,NoiseCorrectedMWST,0.1683333333333333,0.09,0.5178997613365155,106,False,0,0.5333333333333333,0.0511627000087173,0.0002965000021504,0.0507714999985182,-1,not_random,not_binary,,,,,,,0.58,0.19,0.1425438596491228,0.1217105263157894,0.0208333333333333,,,,,,0.1445833333333333,0.1433333333333333,0.023749999999999993,-0.053333333333333316
a0_75_primary,balanced-seed-08-R1,8,300,16,balanced,0.4,symmetric_0.20,0.2,0.2,1,True,BootstrapStabilityMWST,0.1710416666666666,0.0833333333333333,0.5133372851215176,113,False,0,0.6,0.0871201999980257,0.0515619999932823,0.0354414000030374,-1,not_random,not_binary,,,,,,,0.62,0.1566666666666666,0.1502659574468085,0.1210106382978723,0.0292553191489361,100.0,,,,,0.1445833333333333,0.1433333333333333,0.026458333333333278,-0.06000000000000001
a0_75_primary,balanced-seed-08-R1,8,300,16,balanced,0.4,symmetric_0.20,0.2,0.2,1,True,AlternatingTreeIncidenceEstimator,0.1683333333333333,0.09,0.5178997613365155,106,False,0,0.5333333333333333,0.0734417000057874,0.000754799999413,0.0722481999982846,-1,not_random,not_binary,,,0.0,True,False,False,0.58,0.19,0.1425438596491228,0.1217105263157894,0.0208333333333333,,,,,,0.1445833333333333,0.1433333333333333,0.023749999999999993,-0.053333333333333316
a0_75_primary,balanced-seed-09-R1,9,300,16,balanced,0.4,symmetric_0.20,0.2,0.2,1,True,TrueTreeOracle,0.1341666666666666,0.2,0.5990037359900373,0,True,0,0.0,0.0449310000112745,0.0001660999987507,0.0446967999887419,-1,not_random,not_binary,,,,,,,0.6466666666666666,0.3533333333333333,0.1214622641509434,0.1214622641509434,0.0,,,,,,0.1341666666666666,0.2,0.0,0.0
a0_75_primary,balanced-seed-09-R1,9,300,16,balanced,0.4,symmetric_0.20,0.2,0.2,1,True,DataAgnosticRandomTree,0.18,0.0766666666666666,0.4475703324808184,139,False,0,0.8,0.0465452000062214,0.0002353000018047,0.0462171999970451,0,primary,not_binary,,,,,,,0.6966666666666667,0.1433333333333333,0.1409883720930232,0.1046511627906976,0.0363372093023255,,,,,,0.1341666666666666,0.2,0.04583333333333339,-0.1233333333333334
a0_75_primary,balanced-seed-09-R1,9,300,16,balanced,0.4,symmetric_0.20,0.2,0.2,1,True,BinaryMWST,0.18,0.1033333333333333,0.5079726651480638,91,False,0,0.6,0.0540149000007659,0.0005526000022655,0.0531644000002415,-1,not_random,observed,True,True,,,,,0.65,0.16,0.1848958333333333,0.1354166666666666,0.0494791666666666,,,,,,0.1341666666666666,0.2,0.04583333333333339,-0.0966666666666667
a0_75_primary,balanced-seed-09-R1,9,300,16,balanced,0.4,symmetric_0.20,0.2,0.2,1,True,NoiseCorrectedMWST,0.18,0.1033333333333333,0.5079726651480638,91,False,0,0.6,0.0387960999942151,0.0006857999978819,0.0379824999981792,-1,not_random,not_binary,,,,,,,0.65,0.16,0.1848958333333333,0.1354166666666666,0.0494791666666666,,,,,,0.1341666666666666,0.2,0.04583333333333339,-0.0966666666666667
a0_75_primary,balanced-seed-09-R1,9,300,16,balanced,0.4,symmetric_0.20,0.2,0.2,1,True,BootstrapStabilityMWST,0.18,0.1033333333333333,0.5079726651480638,91,False,0,0.6,0.0993202999961795,0.0435387000034097,0.0556526000000303,-1,not_random,not_binary,,,,,,,0.65,0.16,0.1848958333333333,0.1354166666666666,0.0494791666666666,100.0,,,,,0.1341666666666666,0.2,0.04583333333333339,-0.0966666666666667
a0_75_primary,balanced-seed-09-R1,9,300,16,balanced,0.4,symmetric_0.20,0.2,0.2,1,True,AlternatingTreeIncidenceEstimator,0.18,0.1033333333333333,0.5079726651480638,91,False,0,0.6,0.0655569000082323,0.0016941999929258,0.0627418999938527,-1,not_random,not_binary,,,0.0,True,False,False,0.65,0.16,0.1848958333333333,0.1354166666666666,0.0494791666666666,,,,,,0.1341666666666666,0.2,0.04583333333333339,-0.0966666666666667
a0_75_primary,balanced-seed-10-R1,10,300,16,balanced,0.4,symmetric_0.20,0.2,0.2,1,True,TrueTreeOracle,0.1377083333333333,0.1933333333333333,0.6159209761766414,0,True,0,0.0,0.0314833000011276,9.509999654255807e-05,0.031318099994678,-1,not_random,not_binary,,,,,,,0.6233333333333333,0.3766666666666666,0.1321902654867256,0.1321902654867256,0.0,,,,,,0.1377083333333333,0.1933333333333333,0.0,0.0
a0_75_primary,balanced-seed-10-R1,10,300,16,balanced,0.4,symmetric_0.20,0.2,0.2,1,True,DataAgnosticRandomTree,0.1804166666666666,0.0633333333333333,0.4477040816326531,162,False,0,0.8,0.0433946000121068,0.0002169000072171,0.0430360000027576,0,primary,not_binary,,,,,,,0.6566666666666666,0.1766666666666666,0.1521226415094339,0.1132075471698113,0.0389150943396226,,,,,,0.1377083333333333,0.1933333333333333,0.04270833333333329,-0.13
a0_75_primary,balanced-seed-10-R1,10,300,16,balanced,0.4,symmetric_0.20,0.2,0.2,1,True,BinaryMWST,0.1754166666666666,0.1033333333333333,0.5487674169346195,83,False,0,0.4666666666666667,0.0322607999987667,0.0005337999900802,0.0316485999937867,-1,not_random,observed,True,True,,,,,0.58,0.2433333333333333,0.1549657534246575,0.1412671232876712,0.0136986301369863,,,,,,0.1377083333333333,0.1933333333333333,0.037708333333333316,-0.09
a0_75_primary,balanced-seed-10-R1,10,300,16,balanced,0.4,symmetric_0.20,0.2,0.2,1,True,NoiseCorrectedMWST,0.1679166666666666,0.09,0.547699214365881,82,False,0,0.4666666666666667,0.0507352999993599,0.0003077000001212,0.0501508000015746,-1,not_random,not_binary,,,,,,,0.57,0.2233333333333333,0.1492537313432835,0.1296641791044776,0.0195895522388059,,,,,,0.1377083333333333,0.1933333333333333,0.03020833333333331,-0.1033333333333333
a0_75_primary,balanced-seed-10-R1,10,300,16,balanced,0.4,symmetric_0.20,0.2,0.2,1,True,BootstrapStabilityMWST,0.1675,0.0966666666666666,0.5457627118644067,91,False,0,0.4666666666666667,0.0967486999870743,0.0508010999910766,0.0457790999935241,-1,not_random,not_binary,,,,,,,0.5866666666666667,0.22,0.1515151515151515,0.1410984848484848,0.0104166666666666,100.0,,,,,0.1377083333333333,0.1933333333333333,0.029791666666666716,-0.0966666666666667
a0_75_primary,balanced-seed-10-R1,10,300,16,balanced,0.4,symmetric_0.20,0.2,0.2,1,True,AlternatingTreeIncidenceEstimator,0.1679166666666666,0.09,0.547699214365881,82,False,0,0.4666666666666667,0.0403895000054035,0.0017545000009704,0.0378302000026451,-1,not_random,not_binary,,,0.0,True,False,False,0.57,0.2233333333333333,0.1492537313432835,0.1296641791044776,0.0195895522388059,,,,,,0.1377083333333333,0.1933333333333333,0.03020833333333331,-0.1033333333333333
a0_75_primary,balanced-seed-11-R1,11,300,16,balanced,0.4,symmetric_0.20,0.2,0.2,1,True,TrueTreeOracle,0.1427083333333333,0.2033333333333333,0.6056419113413932,0,True,0,0.0,0.0640461000002687,0.0001974999904632,0.0635694999946281,-1,not_random,not_binary,,,,,,,0.5766666666666667,0.4233333333333333,0.1392716535433071,0.1392716535433071,0.0,,,,,,0.1427083333333333,0.2033333333333333,0.0,0.0
a0_75_primary,balanced-seed-11-R1,11,300,16,balanced,0.4,symmetric_0.20,0.2,0.2,1,True,DataAgnosticRandomTree,0.184375,0.0466666666666666,0.4286636539703034,166,False,0,0.8666666666666667,0.071793000010075,0.0007643999997526,0.0707486000028438,0,primary,not_binary,,,,,,,0.6666666666666666,0.1666666666666666,0.16125,0.1375,0.02375,,,,,,0.1427083333333333,0.2033333333333333,0.04166666666666671,-0.1566666666666667
a0_75_primary,balanced-seed-11-R1,11,300,16,balanced,0.4,symmetric_0.20,0.2,0.2,1,True,BinaryMWST,0.181875,0.1166666666666666,0.5450755601875976,59,False,0,0.3333333333333333,0.073903299999074,0.0005241999897407,0.0731285000074422,-1,not_random,observed,True,True,,,,,0.5433333333333333,0.2866666666666667,0.1642441860465116,0.1526162790697674,0.0116279069767441,,,,,,0.1427083333333333,0.2033333333333333,0.03916666666666671,-0.08666666666666671
a0_75_primary,balanced-seed-11-R1,11,300,16,balanced,0.4,symmetric_0.20,0.2,0.2,1,True,NoiseCorrectedMWST,0.1664583333333333,0.1433333333333333,0.5655247417074497,47,False,0,0.2666666666666667,0.0636569999915082,0.0013196999934734,0.0622193000017432,-1,not_random,not_binary,,,,,,,0.5633333333333334,0.3233333333333333,0.1449742268041237,0.1398195876288659,0.0051546391752577,,,,,,0.1427083333333333,0.2033333333333333,0.023749999999999993,-0.06
a0_75_primary,balanced-seed-11-R1,11,300,16,balanced,0.4,symmetric_0.20,0.2,0.2,1,True,BootstrapStabilityMWST,0.1664583333333333,0.1433333333333333,0.5655247417074497,47,False,0,0.2666666666666667,0.1290462000033585,0.0614468999992823,0.0674052999966079,-1,not_random,not_binary,,,,,,,0.5633333333333334,0.3233333333333333,0.1449742268041237,0.1398195876288659,0.0051546391752577,100.0,,,,,0.1427083333333333,0.2033333333333333,0.023749999999999993,-0.06
a0_75_primary,balanced-seed-11-R1,11,300,16,balanced,0.4,symmetric_0.20,0.2,0.2,1,True,AlternatingTreeIncidenceEstimator,0.1664583333333333,0.1433333333333333,0.5655247417074497,47,False,0,0.2666666666666667,0.0586150000017369,0.0019232000195188,0.0554469000053359,-1,not_random,not_binary,,,0.0,True,False,False,0.5633333333333334,0.3233333333333333,0.1449742268041237,0.1398195876288659,0.0051546391752577,,,,,,0.1427083333333333,0.2033333333333333,0.023749999999999993,-0.06
a0_75_primary,balanced-seed-12-R1,12,300,16,balanced,0.4,symmetric_0.20,0.2,0.2,1,True,TrueTreeOracle,0.149375,0.18,0.5734681737061273,0,True,0,0.0,0.0563917999970726,0.0002665999927558,0.0559368000103859,-1,not_random,not_binary,,,,,,,0.58,0.42,0.1388888888888889,0.1388888888888889,0.0,,,,,,0.149375,0.18,0.0,0.0
a0_75_primary,balanced-seed-12-R1,12,300,16,balanced,0.4,symmetric_0.20,0.2,0.2,1,True,DataAgnosticRandomTree,0.2052083333333333,0.0533333333333333,0.3808925204274042,169,False,0,1.0,0.0384006999956909,0.0004857999883824,0.037763400003314,0,primary,not_binary,,,,,,,0.67,0.1433333333333333,0.2136627906976744,0.1395348837209302,0.0741279069767441,,,,,,0.149375,0.18,0.05583333333333329,-0.1266666666666667
a0_75_primary,balanced-seed-12-R1,12,300,16,balanced,0.4,symmetric_0.20,0.2,0.2,1,True,BinaryMWST,0.1666666666666666,0.12,0.550561797752809,47,False,0,0.2666666666666667,0.0476821999909589,0.0003560000041034,0.0470940999948652,-1,not_random,observed,True,True,,,,,0.57,0.29,0.146551724137931,0.1472701149425287,-0.0007183908045977,,,,,,0.149375,0.18,0.017291666666666594,-0.06
a0_75_primary,balanced-seed-12-R1,12,300,16,balanced,0.4,symmetric_0.20,0.2,0.2,1,True,NoiseCorrectedMWST,0.1652083333333333,0.1233333333333333,0.5434657455382844,71,False,0,0.3333333333333333,0.0373757000052137,0.0003171999996993,0.0368455999996513,-1,not_random,not_binary,,,,,,,0.56,0.23,0.1295289855072463,0.1231884057971014,0.0063405797101449,,,,,,0.149375,0.18,0.015833333333333283,-0.0566666666666667
a0_75_primary,balanced-seed-12-R1,12,300,16,balanced,0.4,symmetric_0.20,0.2,0.2,1,True,BootstrapStabilityMWST,0.1702083333333333,0.1,0.526376811594203,90,False,0,0.4,0.077807900001062,0.0414149000134784,0.0361706999974558,-1,not_random,not_binary,,,,,,,0.5533333333333333,0.22,0.1344696969696969,0.1193181818181818,0.0151515151515151,100.0,,,,,0.149375,0.18,0.020833333333333287,-0.07999999999999999
a0_75_primary,balanced-seed-12-R1,12,300,16,balanced,0.4,symmetric_0.20,0.2,0.2,1,True,AlternatingTreeIncidenceEstimator,0.1652083333333333,0.1233333333333333,0.5434657455382844,71,False,0,0.3333333333333333,0.0510809999977937,0.0022748000046703,0.0482738999999128,-1,not_random,not_binary,,,0.0,True,False,False,0.56,0.23,0.1295289855072463,0.1231884057971014,0.0063405797101449,,,,,,0.149375,0.18,0.015833333333333283,-0.0566666666666667
a0_75_primary,balanced-seed-13-R1,13,300,16,balanced,0.4,symmetric_0.20,0.2,0.2,1,True,TrueTreeOracle,0.1377083333333333,0.1766666666666666,0.5976871576384662,0,True,0,0.0,0.0574790999962715,0.0001921000075526,0.0571873000008054,-1,not_random,not_binary,,,,,,,0.5733333333333334,0.4266666666666667,0.12939453125,0.12939453125,0.0,,,,,,0.1377083333333333,0.1766666666666666,0.0,0.0
a0_75_primary,balanced-seed-13-R1,13,300,16,balanced,0.4,symmetric_0.20,0.2,0.2,1,True,DataAgnosticRandomTree,0.1908333333333333,0.03,0.4217171717171717,159,False,0,0.8,0.0410969000076875,0.0003705999988596,0.0406102999986615,0,primary,not_binary,,,,,,,0.6433333333333333,0.1933333333333333,0.1875,0.1303879310344827,0.0571120689655172,,,,,,0.1377083333333333,0.1766666666666666,0.053125000000000006,-0.1466666666666666
a0_75_primary,balanced-seed-13-R1,13,300,16,balanced,0.4,symmetric_0.20,0.2,0.2,1,True,BinaryMWST,0.1647916666666666,0.1133333333333333,0.5260635110844817,85,False,0,0.4,0.0495567000034498,0.0010861000046133,0.048297100001946,-1,not_random,observed,True,True,,,,,0.5466666666666666,0.2833333333333333,0.1610294117647059,0.125,0.0360294117647058,,,,,,0.1377083333333333,0.1766666666666666,0.027083333333333293,-0.06333333333333331
a0_75_primary,balanced-seed-13-R1,13,300,16,balanced,0.4,symmetric_0.20,0.2,0.2,1,True,NoiseCorrectedMWST,0.16625,0.0933333333333333,0.511029411764706,100,False,0,0.5333333333333333,0.0542032000084873,0.000472500003525,0.053534499995294,-1,not_random,not_binary,,,,,,,0.56,0.26,0.1498397435897435,0.1145833333333333,0.0352564102564102,,,,,,0.1377083333333333,0.1766666666666666,0.028541666666666715,-0.08333333333333331
a0_75_primary,balanced-seed-13-R1,13,300,16,balanced,0.4,symmetric_0.20,0.2,0.2,1,True,BootstrapStabilityMWST,0.16625,0.0933333333333333,0.511029411764706,100,False,0,0.5333333333333333,0.0908120999956736,0.0527779999974882,0.0377439000003505,-1,not_random,not_binary,,,,,,,0.56,0.26,0.1498397435897435,0.1145833333333333,0.0352564102564102,100.0,,,,,0.1377083333333333,0.1766666666666666,0.028541666666666715,-0.08333333333333331
a0_75_primary,balanced-seed-13-R1,13,300,16,balanced,0.4,symmetric_0.20,0.2,0.2,1,True,AlternatingTreeIncidenceEstimator,0.16625,0.0933333333333333,0.511029411764706,100,False,0,0.5333333333333333,0.0443987000035122,0.001474299991969,0.0423974999866914,-1,not_random,not_binary,,,0.0,True,False,False,0.56,0.26,0.1498397435897435,0.1145833333333333,0.0352564102564102,,,,,,0.1377083333333333,0.1766666666666666,0.028541666666666715,-0.08333333333333331
a0_75_primary,balanced-seed-14-R1,14,300,16,balanced,0.4,symmetric_0.20,0.2,0.2,1,True,TrueTreeOracle,0.1414583333333333,0.16,0.5753595997498436,0,True,0,0.0,0.0511037999967811,0.0001488999987486,0.0507369999977527,-1,not_random,not_binary,,,,,,,0.6533333333333333,0.3466666666666667,0.1201923076923077,0.1201923076923077,0.0,,,,,,0.1414583333333333,0.16,0.0,0.0
a0_75_primary,balanced-seed-14-R1,14,300,16,balanced,0.4,symmetric_0.20,0.2,0.2,1,True,DataAgnosticRandomTree,0.1935416666666666,0.05,0.4101587301587301,161,False,0,1.0,0.0537805000058142,0.0005934999935561,0.0529158999997889,0,primary,not_binary,,,,,,,0.6633333333333333,0.1433333333333333,0.1845930232558139,0.1075581395348837,0.0770348837209302,,,,,,0.1414583333333333,0.16,0.052083333333333315,-0.11
a0_75_primary,balanced-seed-14-R1,14,300,16,balanced,0.4,symmetric_0.20,0.2,0.2,1,True,BinaryMWST,0.1729166666666666,0.0766666666666666,0.5157526254375729,83,False,0,0.4666666666666667,0.059655200006091,0.0005171999946469,0.0590154999954393,-1,not_random,observed,True,True,,,,,0.5366666666666666,0.2133333333333333,0.1552734375,0.1328125,0.0224609375,,,,,,0.1414583333333333,0.16,0.03145833333333331,-0.0833333333333334
a0_75_primary,balanced-seed-14-R1,14,300,16,balanced,0.4,symmetric_0.20,0.2,0.2,1,True,NoiseCorrectedMWST,0.164375,0.09,0.5266946610677865,85,False,0,0.4,0.0617092000029515,0.0008855000050971,0.0606323999963933,-1,not_random,not_binary,,,,,,,0.5766666666666667,0.2166666666666666,0.1375,0.1182692307692307,0.0192307692307692,,,,,,0.1414583333333333,0.16,0.022916666666666696,-0.07
a0_75_primary,balanced-seed-14-R1,14,300,16,balanced,0.4,symmetric_0.20,0.2,0.2,1,True,BootstrapStabilityMWST,0.1689583333333333,0.0733333333333333,0.513497300539892,100,False,0,0.4666666666666667,0.1072803999995812,0.055374399991706,0.0516824999940581,-1,not_random,not_binary,,,,,,,0.5633333333333334,0.2266666666666666,0.1479779411764706,0.1277573529411764,0.0202205882352941,100.0,,,,,0.1414583333333333,0.16,0.027499999999999997,-0.0866666666666667
a0_75_primary,balanced-seed-14-R1,14,300,16,balanced,0.4,symmetric_0.20,0.2,0.2,1,True,AlternatingTreeIncidenceEstimator,0.164375,0.09,0.5266946610677865,85,False,0,0.4,0.0576522000046679,0.0018532999820308,0.055034400007571,-1,not_random,not_binary,,,0.0,True,False,False,0.5766666666666667,0.2166666666666666,0.1375,0.1182692307692307,0.0192307692307692,,,,,,0.1414583333333333,0.16,0.022916666666666696,-0.07
a0_75_primary,balanced-seed-15-R1,15,300,16,balanced,0.4,symmetric_0.20,0.2,0.2,1,True,TrueTreeOracle,0.143125,0.1566666666666666,0.6031195840554593,0,True,0,0.0,0.0831807000067783,0.0001417000021319,0.0828676000091945,-1,not_random,not_binary,,,,,,,0.5866666666666667,0.4133333333333333,0.1471774193548387,0.1471774193548387,0.0,,,,,,0.143125,0.1566666666666666,0.0,0.0
a0_75_primary,balanced-seed-15-R1,15,300,16,balanced,0.4,symmetric_0.20,0.2,0.2,1,True,DataAgnosticRandomTree,0.1972916666666666,0.0266666666666666,0.4490983129726585,174,False,0,0.8666666666666667,0.0712811999983387,0.0004061000072397,0.0707098999992013,0,primary,not_binary,,,,,,,0.6566666666666666,0.1666666666666666,0.205,0.13125,0.07375,,,,,,0.143125,0.1566666666666666,0.054166666666666585,-0.13
a0_75_primary,balanced-seed-15-R1,15,300,16,balanced,0.4,symmetric_0.20,0.2,0.2,1,True,BinaryMWST,0.1702083333333333,0.0733333333333333,0.5590933621154883,69,False,0,0.4666666666666667,0.0678143999975873,0.0006634000019403,0.0668870999943465,-1,not_random,observed,True,True,,,,,0.6266666666666667,0.2133333333333333,0.1640625,0.15625,0.0078125,,,,,,0.143125,0.1566666666666666,0.027083333333333293,-0.08333333333333329
a0_75_primary,balanced-seed-15-R1,15,300,16,balanced,0.4,symmetric_0.20,0.2,0.2,1,True,NoiseCorrectedMWST,0.1541666666666666,0.0833333333333333,0.5717592592592592,83,False,0,0.5333333333333333,0.0623175999935483,0.0007327999919652,0.0614237999980105,-1,not_random,not_binary,,,,,,,0.5933333333333334,0.23,0.1376811594202898,0.1358695652173913,0.0018115942028985,,,,,,0.143125,0.1566666666666666,0.011041666666666589,-0.07333333333333329
a0_75_primary,balanced-seed-15-R1,15,300,16,balanced,0.4,symmetric_0.20,0.2,0.2,1,True,BootstrapStabilityMWST,0.153125,0.0933333333333333,0.5719277810133954,68,False,0,0.4666666666666667,0.1206240000028628,0.0555069000110961,0.0645264000049792,-1,not_random,not_binary,,,,,,,0.6166666666666667,0.2233333333333333,0.1352611940298507,0.1389925373134328,-0.003731343283582,100.0,,,,,0.143125,0.1566666666666666,0.010000000000000009,-0.0633333333333333
a0_75_primary,balanced-seed-15-R1,15,300,16,balanced,0.4,symmetric_0.20,0.2,0.2,1,True,AlternatingTreeIncidenceEstimator,0.1541666666666666,0.0833333333333333,0.5717592592592592,83,False,0,0.5333333333333333,0.0771416999923531,0.0023836999898776,0.0737035000056494,-1,not_random,not_binary,,,0.0,True,False,False,0.5933333333333334,0.23,0.1376811594202898,0.1358695652173913,0.0018115942028985,,,,,,0.143125,0.1566666666666666,0.011041666666666589,-0.07333333333333329
a0_75_primary,balanced-seed-16-R1,16,300,16,balanced,0.4,symmetric_0.20,0.2,0.2,1,True,TrueTreeOracle,0.1379166666666666,0.1966666666666666,0.5638998682476943,0,True,0,0.0,0.086833099994692,0.0001514000032329,0.0864043000037781,-1,not_random,not_binary,,,,,,,0.5733333333333334,0.4266666666666667,0.1396484375,0.1396484375,0.0,,,,,,0.1379166666666666,0.1966666666666666,0.0,0.0
a0_75_primary,balanced-seed-16-R1,16,300,16,balanced,0.4,symmetric_0.20,0.2,0.2,1,True,DataAgnosticRandomTree,0.1975,0.0366666666666666,0.3977128335451079,157,False,0,1.0,0.0717007000057492,0.0007106999983079,0.0708383000019239,0,primary,not_binary,,,,,,,0.7066666666666667,0.1233333333333333,0.1722972972972972,0.1030405405405405,0.0692567567567567,,,,,,0.1379166666666666,0.1966666666666666,0.059583333333333405,-0.16
a0_75_primary,balanced-seed-16-R1,16,300,16,balanced,0.4,symmetric_0.20,0.2,0.2,1,True,BinaryMWST,0.1616666666666666,0.1333333333333333,0.5239263803680981,52,False,0,0.3333333333333333,0.0811324999958742,0.0006719999946653,0.0801714999979594,-1,not_random,observed,True,True,,,,,0.59,0.2466666666666666,0.143581081081081,0.1359797297297297,0.0076013513513513,,,,,,0.1379166666666666,0.1966666666666666,0.023749999999999993,-0.0633333333333333
a0_75_primary,balanced-seed-16-R1,16,300,16,balanced,0.4,symmetric_0.20,0.2,0.2,1,True,NoiseCorrectedMWST,0.1395833333333333,0.1766666666666666,0.5592105263157895,12,False,0,0.0666666666666666,0.0862017000035848,0.001529200002551,0.0844528000015998,-1,not_random,not_binary,,,,,,,0.5966666666666667,0.38,0.1414473684210526,0.1414473684210526,0.0,,,,,,0.1379166666666666,0.1966666666666666,0.0016666666666667052,-0.01999999999999999
a0_75_primary,balanced-seed-16-R1,16,300,16,balanced,0.4,symmetric_0.20,0.2,0.2,1,True,BootstrapStabilityMWST,0.14625,0.1433333333333333,0.5357142857142858,46,False,0,0.1999999999999999,0.1450236999953631,0.0628660000074887,0.0817674999998416,-1,not_random,not_binary,,,,,,,0.58,0.2966666666666667,0.1327247191011236,0.1327247191011236,0.0,100.0,,,,,0.1379166666666666,0.1966666666666666,0.008333333333333387,-0.05333333333333329
a0_75_primary,balanced-seed-16-R1,16,300,16,balanced,0.4,symmetric_0.20,0.2,0.2,1,True,AlternatingTreeIncidenceEstimator,0.1395833333333333,0.1766666666666666,0.5592105263157895,12,False,0,0.0666666666666666,0.0762614999985089,0.002430100008496,0.0729390999913448,-1,not_random,not_binary,,,0.0,True,False,False,0.5966666666666667,0.38,0.1414473684210526,0.1414473684210526,0.0,,,,,,0.1379166666666666,0.1966666666666666,0.0016666666666667052,-0.01999999999999999
a0_75_primary,balanced-seed-17-R1,17,300,16,balanced,0.4,symmetric_0.20,0.2,0.2,1,True,TrueTreeOracle,0.1441666666666666,0.19,0.5938967136150235,0,True,0,0.0,0.0443488000018987,0.0002426000137347,0.0439509000134421,-1,not_random,not_binary,,,,,,,0.5866666666666667,0.4133333333333333,0.1517137096774193,0.1517137096774193,0.0,,,,,,0.1441666666666666,0.19,0.0,0.0
a0_75_primary,balanced-seed-17-R1,17,300,16,balanced,0.4,symmetric_0.20,0.2,0.2,1,True,DataAgnosticRandomTree,0.185,0.0433333333333333,0.4300385109114249,172,False,0,0.8666666666666667,0.0541809999995166,0.0006792000058339,0.0533620000060182,0,primary,not_binary,,,,,,,0.73,0.1333333333333333,0.1828125,0.1359375,0.046875,,,,,,0.1441666666666666,0.19,0.04083333333333339,-0.1466666666666667
a0_75_primary,balanced-seed-17-R1,17,300,16,balanced,0.4,symmetric_0.20,0.2,0.2,1,True,BinaryMWST,0.1527083333333333,0.14,0.572594752186589,55,False,0,0.3333333333333333,0.0426430999941658,0.000342899991665,0.0422271999996155,-1,not_random,observed,True,True,,,,,0.5833333333333334,0.2466666666666666,0.125,0.1258445945945946,-0.0008445945945945,,,,,,0.1441666666666666,0.19,0.008541666666666697,-0.04999999999999999
a0_75_primary,balanced-seed-17-R1,17,300,16,balanced,0.4,symmetric_0.20,0.2,0.2,1,True,NoiseCorrectedMWST,0.1552083333333333,0.1466666666666666,0.5645821157218002,57,False,0,0.2666666666666667,0.0504709000088041,0.0007215000077849,0.0496739999944111,-1,not_random,not_binary,,,,,,,0.5633333333333334,0.2766666666666666,0.1287650602409638,0.1204819277108433,0.0082831325301204,,,,,,0.1441666666666666,0.19,0.0110416666666667,-0.04333333333333339
a0_75_primary,balanced-seed-17-R1,17,300,16,balanced,0.4,symmetric_0.20,0.2,0.2,1,True,BootstrapStabilityMWST,0.1577083333333333,0.1366666666666666,0.5616676317313261,68,False,0,0.3333333333333333,0.0944107999966945,0.0432228999998187,0.0510118000092916,-1,not_random,not_binary,,,,,,,0.5533333333333333,0.2766666666666666,0.1370481927710843,0.1204819277108433,0.0165662650602409,100.0,,,,,0.1441666666666666,0.19,0.013541666666666702,-0.0533333333333334
a0_75_primary,balanced-seed-17-R1,17,300,16,balanced,0.4,symmetric_0.20,0.2,0.2,1,True,AlternatingTreeIncidenceEstimator,0.1552083333333333,0.1466666666666666,0.5645821157218002,57,False,0,0.2666666666666667,0.0598066999955335,0.0007079000206431,0.0587458999943919,-1,not_random,not_binary,,,0.0,True,False,False,0.5633333333333334,0.2766666666666666,0.1287650602409638,0.1204819277108433,0.0082831325301204,,,,,,0.1441666666666666,0.19,0.0110416666666667,-0.04333333333333339
a0_75_primary,balanced-seed-18-R1,18,300,16,balanced,0.4,symmetric_0.20,0.2,0.2,1,True,TrueTreeOracle,0.1377083333333333,0.1966666666666666,0.6072489601901366,0,True,0,0.0,0.0378796000004513,0.0001361000031465,0.0376079999987268,-1,not_random,not_binary,,,,,,,0.5933333333333334,0.4066666666666667,0.1337090163934426,0.1337090163934426,0.0,,,,,,0.1377083333333333,0.1966666666666666,0.0,0.0
a0_75_primary,balanced-seed-18-R1,18,300,16,balanced,0.4,symmetric_0.20,0.2,0.2,1,True,DataAgnosticRandomTree,0.1847916666666666,0.0633333333333333,0.4221498371335505,160,False,0,0.8,0.0412436000042362,0.0006046000053174,0.0405400000017834,0,primary,not_binary,,,,,,,0.58,0.2033333333333333,0.1813524590163934,0.1403688524590164,0.040983606557377,,,,,,0.1377083333333333,0.1966666666666666,0.04708333333333331,-0.1333333333333333
a0_75_primary,balanced-seed-18-R1,18,300,16,balanced,0.4,symmetric_0.20,0.2,0.2,1,True,BinaryMWST,0.1720833333333333,0.13,0.5549568965517241,53,False,0,0.2666666666666667,0.0575553999951807,0.0005976000102236,0.0567261000105645,-1,not_random,observed,True,True,,,,,0.58,0.24,0.1371527777777778,0.1180555555555555,0.0190972222222222,,,,,,0.1377083333333333,0.1966666666666666,0.03437500000000002,-0.0666666666666666
a0_75_primary,balanced-seed-18-R1,18,300,16,balanced,0.4,symmetric_0.20,0.2,0.2,1,True,NoiseCorrectedMWST,0.1622916666666666,0.1033333333333333,0.543108504398827,107,False,0,0.4666666666666667,0.0506224999990081,0.000282100008917,0.0501765999943017,-1,not_random,not_binary,,,,,,,0.56,0.2333333333333333,0.1258928571428571,0.1107142857142857,0.0151785714285714,,,,,,0.1377083333333333,0.1966666666666666,0.024583333333333318,-0.0933333333333333
a0_75_primary,balanced-seed-18-R1,18,300,16,balanced,0.4,symmetric_0.20,0.2,0.2,1,True,BootstrapStabilityMWST,0.1583333333333333,0.1266666666666666,0.5432692307692307,96,False,0,0.3333333333333333,0.0839441999996779,0.0470932000025641,0.036781200004043,-1,not_random,not_binary,,,,,,,0.58,0.2466666666666666,0.120777027027027,0.0979729729729729,0.022804054054054,100.0,,,,,0.1377083333333333,0.1966666666666666,0.020625000000000004,-0.07
a0_75_primary,balanced-seed-18-R1,18,300,16,balanced,0.4,symmetric_0.20,0.2,0.2,1,True,AlternatingTreeIncidenceEstimator,0.1622916666666666,0.1033333333333333,0.543108504398827,107,False,0,0.4666666666666667,0.0459076999977696,0.0009184000082314,0.0444707999995444,-1,not_random,not_binary,,,0.0,True,False,False,0.56,0.2333333333333333,0.1258928571428571,0.1107142857142857,0.0151785714285714,,,,,,0.1377083333333333,0.1966666666666666,0.024583333333333318,-0.0933333333333333
a0_75_primary,balanced-seed-19-R1,19,300,16,balanced,0.4,symmetric_0.20,0.2,0.2,1,True,TrueTreeOracle,0.13625,0.19,0.6275626423690205,0,True,0,0.0,0.0399440000037429,0.000126500002807,0.0396077000041259,-1,not_random,not_binary,,,,,,,0.6166666666666667,0.3833333333333333,0.1320652173913043,0.1320652173913043,0.0,,,,,,0.13625,0.19,0.0,0.0
a0_75_primary,balanced-seed-19-R1,19,300,16,balanced,0.4,symmetric_0.20,0.2,0.2,1,True,DataAgnosticRandomTree,0.1933333333333333,0.05,0.4482758620689655,174,False,0,0.9333333333333332,0.045332599998801,0.0003160000051138,0.044786499987822,0,primary,not_binary,,,,,,,0.6366666666666667,0.14,0.1666666666666666,0.1235119047619047,0.0431547619047619,,,,,,0.13625,0.19,0.05708333333333329,-0.14
a0_75_primary,balanced-seed-19-R1,19,300,16,balanced,0.4,symmetric_0.20,0.2,0.2,1,True,BinaryMWST,0.1741666666666666,0.11,0.5747711088504578,62,False,0,0.4,0.0535119999985909,0.0006636000034632,0.0527398999984143,-1,not_random,observed,True,True,,,,,0.5333333333333333,0.2433333333333333,0.1472602739726027,0.1327054794520548,0.0145547945205479,,,,,,0.13625,0.19,0.0379166666666666,-0.08
a0_75_primary,balanced-seed-19-R1,19,300,16,balanced,0.4,symmetric_0.20,0.2,0.2,1,True,NoiseCorrectedMWST,0.1522916666666666,0.1433333333333333,0.5954620918649696,42,False,0,0.1999999999999999,0.0454983000090578,0.0005070000042906,0.044920300002559,-1,not_random,not_binary,,,,,,,0.5733333333333334,0.29,0.1214080459770114,0.1178160919540229,0.0035919540229885,,,,,,0.13625,0.19,0.016041666666666593,-0.04666666666666669
a0_75_primary,balanced-seed-19-R1,19,300,16,balanced,0.4,symmetric_0.20,0.2,0.2,1,True,BootstrapStabilityMWST,0.1491666666666666,0.1566666666666666,0.5913242009132421,47,False,0,0.1999999999999999,0.086981200001901,0.0403896000061649,0.0464414999878499,-1,not_random,not_binary,,,,,,,0.6033333333333334,0.2866666666666667,0.1257267441860465,0.1199127906976744,0.005813953488372,100.0,,,,,0.13625,0.19,0.012916666666666576,-0.03333333333333341
a0_75_primary,balanced-seed-19-R1,19,300,16,balanced,0.4,symmetric_0.20,0.2,0.2,1,True,AlternatingTreeIncidenceEstimator,0.1522916666666666,0.1433333333333333,0.5954620918649696,42,False,0,0.1999999999999999,0.0424945999984629,0.0010129000002052,0.0408613000035984,-1,not_random,not_binary,,,0.0,True,False,False,0.5733333333333334,0.29,0.1214080459770114,0.1178160919540229,0.0035919540229885,,,,,,0.13625,0.19,0.016041666666666593,-0.04666666666666669
a0_75_primary,balanced-seed-20-R1,20,300,16,balanced,0.4,symmetric_0.20,0.2,0.2,1,True,TrueTreeOracle,0.1308333333333333,0.22,0.6225961538461539,0,True,0,0.0,0.0495647999923676,0.0001435000012861,0.049257699996815,-1,not_random,not_binary,,,,,,,0.6033333333333334,0.3966666666666666,0.1223739495798319,0.1223739495798319,0.0,,,,,,0.1308333333333333,0.22,0.0,0.0
a0_75_primary,balanced-seed-20-R1,20,300,16,balanced,0.4,symmetric_0.20,0.2,0.2,1,True,DataAgnosticRandomTree,0.18875,0.0833333333333333,0.43375,162,False,0,1.0,0.0540153000038117,0.0003017999988514,0.0536181000061333,0,primary,not_binary,,,,,,,0.6833333333333333,0.1333333333333333,0.1921875,0.1453125,0.046875,,,,,,0.1308333333333333,0.22,0.0579166666666667,-0.13666666666666671
a0_75_primary,balanced-seed-20-R1,20,300,16,balanced,0.4,symmetric_0.20,0.2,0.2,1,True,BinaryMWST,0.168125,0.1033333333333333,0.5499163413273842,74,False,0,0.4666666666666667,0.0657003999949665,0.0010986999986926,0.0645077000081073,-1,not_random,observed,True,True,,,,,0.6166666666666667,0.1866666666666666,0.1495535714285714,0.1194196428571428,0.0301339285714285,,,,,,0.1308333333333333,0.22,0.037291666666666695,-0.1166666666666667
a0_75_primary,balanced-seed-20-R1,20,300,16,balanced,0.4,symmetric_0.20,0.2,0.2,1,True,NoiseCorrectedMWST,0.15875,0.1033333333333333,0.5574912891986064,81,False,0,0.4,0.0525587000011,0.0004571999888867,0.0518827000050805,-1,not_random,not_binary,,,,,,,0.5933333333333334,0.21,0.1319444444444444,0.1081349206349206,0.0238095238095238,,,,,,0.1308333333333333,0.22,0.0279166666666667,-0.1166666666666667
a0_75_primary,balanced-seed-20-R1,20,300,16,balanced,0.4,symmetric_0.20,0.2,0.2,1,True,BootstrapStabilityMWST,0.15875,0.1033333333333333,0.5574912891986064,81,False,0,0.4,0.0882420999987516,0.0480528000043705,0.0399251000053482,-1,not_random,not_binary,,,,,,,0.5933333333333334,0.21,0.1319444444444444,0.1081349206349206,0.0238095238095238,100.0,,,,,0.1308333333333333,0.22,0.0279166666666667,-0.1166666666666667
a0_75_primary,balanced-seed-20-R1,20,300,16,balanced,0.4,symmetric_0.20,0.2,0.2,1,True,AlternatingTreeIncidenceEstimator,0.15875,0.1033333333333333,0.5574912891986064,81,False,0,0.4,0.0501745000074151,0.0010436000011395,0.048727700006566,-1,not_random,not_binary,,,0.0,True,False,False,0.5933333333333334,0.21,0.1319444444444444,0.1081349206349206,0.0238095238095238,,,,,,0.1308333333333333,0.22,0.0279166666666667,-0.1166666666666667
a0_75_primary,balanced-seed-21-R1,21,300,16,balanced,0.4,symmetric_0.20,0.2,0.2,1,True,TrueTreeOracle,0.144375,0.18,0.6134969325153375,0,True,0,0.0,0.0360864000103902,0.0001071000006049,0.035878099995898,-1,not_random,not_binary,,,,,,,0.57,0.43,0.1584302325581395,0.1584302325581395,0.0,,,,,,0.144375,0.18,0.0,0.0
a0_75_primary,balanced-seed-21-R1,21,300,16,balanced,0.4,symmetric_0.20,0.2,0.2,1,True,DataAgnosticRandomTree,0.2077083333333333,0.0633333333333333,0.412492634060106,175,False,0,1.0,0.0500939000048674,0.000281000000541,0.0497124999965308,0,primary,not_binary,,,,,,,0.6733333333333333,0.1933333333333333,0.2058189655172413,0.1433189655172413,0.0625,,,,,,0.144375,0.18,0.0633333333333333,-0.1166666666666667
a0_75_primary,balanced-seed-21-R1,21,300,16,balanced,0.4,symmetric_0.20,0.2,0.2,1,True,BinaryMWST,0.17875,0.09,0.5392051557465093,113,False,0,0.4666666666666667,0.0582835999957751,0.0005971000064164,0.0573397999978624,-1,not_random,observed,True,True,,,,,0.61,0.21,0.183531746031746,0.183531746031746,0.0,,,,,,0.144375,0.18,0.03437499999999999,-0.09
a0_75_primary,balanced-seed-21-R1,21,300,16,balanced,0.4,symmetric_0.20,0.2,0.2,1,True,NoiseCorrectedMWST,0.18375,0.09,0.5333333333333333,115,False,0,0.4666666666666667,0.0591480000002775,0.0009562999912304,0.0580195000075036,-1,not_random,not_binary,,,,,,,0.58,0.2466666666666666,0.1815878378378378,0.1579391891891892,0.0236486486486486,,,,,,0.144375,0.18,0.03937499999999999,-0.09
a0_75_primary,balanced-seed-21-R1,21,300,16,balanced,0.4,symmetric_0.20,0.2,0.2,1,True,BootstrapStabilityMWST,0.1733333333333333,0.09,0.5299435028248587,126,False,0,0.5333333333333333,0.1314650999993318,0.0666480000072624,0.0646654000011039,-1,not_random,not_binary,,,,,,,0.5633333333333334,0.2233333333333333,0.1753731343283582,0.1408582089552238,0.0345149253731343,100.0,,,,,0.144375,0.18,0.028958333333333308,-0.09
a0_75_primary,balanced-seed-21-R1,21,300,16,balanced,0.4,symmetric_0.20,0.2,0.2,1,True,AlternatingTreeIncidenceEstimator,0.18375,0.09,0.5333333333333333,115,False,0,0.4666666666666667,0.0929262999998172,0.0027786000136984,0.0892801000009058,-1,not_random,not_binary,,,0.0,True,False,False,0.58,0.2466666666666666,0.1815878378378378,0.1579391891891892,0.0236486486486486,,,,,,0.144375,0.18,0.03937499999999999,-0.09
a0_75_primary,balanced-seed-22-R1,22,300,16,balanced,0.4,symmetric_0.20,0.2,0.2,1,True,TrueTreeOracle,0.139375,0.2233333333333333,0.5816135084427767,0,True,0,0.0,0.0691898000077344,0.0002482999989297,0.0687246000015875,-1,not_random,not_binary,,,,,,,0.5766666666666667,0.4233333333333333,0.1471456692913385,0.1471456692913385,0.0,,,,,,0.139375,0.2233333333333333,0.0,0.0
a0_75_primary,balanced-seed-22-R1,22,300,16,balanced,0.4,symmetric_0.20,0.2,0.2,1,True,DataAgnosticRandomTree,0.19,0.08,0.4100905562742561,152,False,0,0.8666666666666667,0.0601501000055577,0.0008610000077169,0.0589817000000039,0,primary,not_binary,,,,,,,0.6766666666666666,0.1566666666666666,0.1888297872340425,0.1529255319148936,0.0359042553191489,,,,,,0.139375,0.2233333333333333,0.050625,-0.1433333333333333
a0_75_primary,balanced-seed-22-R1,22,300,16,balanced,0.4,symmetric_0.20,0.2,0.2,1,True,BinaryMWST,0.17375,0.1366666666666666,0.537180910099889,50,False,0,0.4,0.0649332000029971,0.0012306999997235,0.0634438000124646,-1,not_random,observed,True,True,,,,,0.6233333333333333,0.1966666666666666,0.1769067796610169,0.1663135593220339,0.010593220338983,,,,,,0.139375,0.2233333333333333,0.03437499999999999,-0.0866666666666667
a0_75_primary,balanced-seed-22-R1,22,300,16,balanced,0.4,symmetric_0.20,0.2,0.2,1,True,NoiseCorrectedMWST,0.1554166666666666,0.1466666666666666,0.5554231227651967,51,False,0,0.3333333333333333,0.0544100000115577,0.0008588000055169,0.0533579000039026,-1,not_random,not_binary,,,,,,,0.62,0.2266666666666666,0.1636029411764706,0.1672794117647058,-0.0036764705882352,,,,,,0.139375,0.2233333333333333,0.016041666666666593,-0.07666666666666669
a0_75_primary,balanced-seed-22-R1,22,300,16,balanced,0.4,symmetric_0.20,0.2,0.2,1,True,BootstrapStabilityMWST,0.1547916666666666,0.15,0.5569469290399524,51,False,0,0.3333333333333333,0.1186445999919669,0.0550910000019939,0.0633219000010285,-1,not_random,not_binary,,,,,,,0.5966666666666667,0.2433333333333333,0.1575342465753424,0.1575342465753424,0.0,100.0,,,,,0.139375,0.2233333333333333,0.015416666666666606,-0.0733333333333333
a0_75_primary,balanced-seed-22-R1,22,300,16,balanced,0.4,symmetric_0.20,0.2,0.2,1,True,AlternatingTreeIncidenceEstimator,0.1554166666666666,0.1466666666666666,0.5554231227651967,51,False,0,0.3333333333333333,0.045141099995817,0.0008719000034034,0.0435572999995201,-1,not_random,not_binary,,,0.0,True,False,False,0.62,0.2266666666666666,0.1636029411764706,0.1672794117647058,-0.0036764705882352,,,,,,0.139375,0.2233333333333333,0.016041666666666593,-0.07666666666666669
a0_75_primary,balanced-seed-23-R1,23,300,16,balanced,0.4,symmetric_0.20,0.2,0.2,1,True,TrueTreeOracle,0.1533333333333333,0.1466666666666666,0.551219512195122,0,True,0,0.0,0.0437171999947167,0.0001708999916445,0.0432911000098101,-1,not_random,not_binary,,,,,,,0.6133333333333333,0.3866666666666666,0.1503232758620689,0.1503232758620689,0.0,,,,,,0.1533333333333333,0.1466666666666666,0.0,0.0
a0_75_primary,balanced-seed-23-R1,23,300,16,balanced,0.4,symmetric_0.20,0.2,0.2,1,True,DataAgnosticRandomTree,0.1789583333333333,0.08,0.4315023163467902,143,False,0,0.8,0.0465802000107942,0.0004760000010719,0.045945899997605,0,primary,not_binary,,,,,,,0.6566666666666666,0.1633333333333333,0.1607142857142857,0.1173469387755102,0.0433673469387755,,,,,,0.1533333333333333,0.1466666666666666,0.02562500000000001,-0.06666666666666661
a0_75_primary,balanced-seed-23-R1,23,300,16,balanced,0.4,symmetric_0.20,0.2,0.2,1,True,BinaryMWST,0.183125,0.09,0.515702479338843,57,False,0,0.4,0.0415066999994451,0.0005506999877979,0.0408753000083379,-1,not_random,observed,True,True,,,,,0.5933333333333334,0.2566666666666666,0.1923701298701298,0.1566558441558441,0.0357142857142857,,,,,,0.1533333333333333,0.1466666666666666,0.029791666666666716,-0.056666666666666615
a0_75_primary,balanced-seed-23-R1,23,300,16,balanced,0.4,symmetric_0.20,0.2,0.2,1,True,NoiseCorrectedMWST,0.1672916666666666,0.12,0.4984384759525296,87,False,0,0.4,0.0393940999929327,0.0005680999893229,0.0386937000002944,-1,not_random,not_binary,,,,,,,0.6066666666666667,0.2466666666666666,0.1486486486486486,0.1393581081081081,0.0092905405405405,,,,,,0.1533333333333333,0.1466666666666666,0.013958333333333295,-0.026666666666666616
a0_75_primary,balanced-seed-23-R1,23,300,16,balanced,0.4,symmetric_0.20,0.2,0.2,1,True,BootstrapStabilityMWST,0.1672916666666666,0.12,0.4984384759525296,87,False,0,0.4,0.0831982000090647,0.0434059999970486,0.0396178000082727,-1,not_random,not_binary,,,,,,,0.6066666666666667,0.2466666666666666,0.1486486486486486,0.1393581081081081,0.0092905405405405,100.0,,,,,0.1533333333333333,0.1466666666666666,0.013958333333333295,-0.026666666666666616
a0_75_primary,balanced-seed-23-R1,23,300,16,balanced,0.4,symmetric_0.20,0.2,0.2,1,True,AlternatingTreeIncidenceEstimator,0.1672916666666666,0.12,0.4984384759525296,87,False,0,0.4,0.0366060999949695,0.0012312999897403,0.0347638999955961,-1,not_random,not_binary,,,0.0,True,False,False,0.6066666666666667,0.2466666666666666,0.1486486486486486,0.1393581081081081,0.0092905405405405,,,,,,0.1533333333333333,0.1466666666666666,0.013958333333333295,-0.026666666666666616
a0_75_primary,balanced-seed-24-R1,24,300,16,balanced,0.4,symmetric_0.20,0.2,0.2,1,True,TrueTreeOracle,0.13625,0.1633333333333333,0.6021897810218978,0,True,0,0.0,0.0381888000119943,0.0001516999909654,0.0379289999982574,-1,not_random,not_binary,,,,,,,0.5766666666666667,0.4233333333333333,0.124015748031496,0.124015748031496,0.0,,,,,,0.13625,0.1633333333333333,0.0,0.0
a0_75_primary,balanced-seed-24-R1,24,300,16,balanced,0.4,symmetric_0.20,0.2,0.2,1,True,DataAgnosticRandomTree,0.1691666666666666,0.0766666666666666,0.4513513513513513,152,False,0,0.8,0.0502818999957526,0.0003716000064741,0.0497437000012723,0,primary,not_binary,,,,,,,0.6566666666666666,0.15,0.1708333333333333,0.1333333333333333,0.0375,,,,,,0.13625,0.1633333333333333,0.032916666666666594,-0.0866666666666667
a0_75_primary,balanced-seed-24-R1,24,300,16,balanced,0.4,symmetric_0.20,0.2,0.2,1,True,BinaryMWST,0.166875,0.0933333333333333,0.5466893039049237,86,False,0,0.4666666666666667,0.0495976999955019,0.0004649000038625,0.0489665000059176,-1,not_random,observed,True,True,,,,,0.6233333333333333,0.2066666666666666,0.1300403225806451,0.1098790322580645,0.0201612903225806,,,,,,0.13625,0.1633333333333333,0.030624999999999986,-0.07
a0_75_primary,balanced-seed-24-R1,24,300,16,balanced,0.4,symmetric_0.20,0.2,0.2,1,True,NoiseCorrectedMWST,0.1541666666666666,0.11,0.5504252733900364,78,False,0,0.3333333333333333,0.0579926000064006,0.0010692999931052,0.0567631000012625,-1,not_random,not_binary,,,,,,,0.56,0.27,0.1172839506172839,0.1219135802469135,-0.0046296296296296,,,,,,0.13625,0.1633333333333333,0.01791666666666658,-0.0533333333333333
a0_75_primary,balanced-seed-24-R1,24,300,16,balanced,0.4,symmetric_0.20,0.2,0.2,1,True,BootstrapStabilityMWST,0.1541666666666666,0.11,0.5363408521303258,89,False,0,0.4,0.0901003000035416,0.0412696999992476,0.0487632000003941,-1,not_random,not_binary,,,,,,,0.5366666666666666,0.27,0.1242283950617283,0.1157407407407407,0.0084876543209876,100.0,,,,,0.13625,0.1633333333333333,0.01791666666666658,-0.0533333333333333
a0_75_primary,balanced-seed-24-R1,24,300,16,balanced,0.4,symmetric_0.20,0.2,0.2,1,True,AlternatingTreeIncidenceEstimator,0.1541666666666666,0.11,0.5504252733900364,78,False,0,0.3333333333333333,0.0715915000037057,0.001902300005895,0.0692662999936146,-1,not_random,not_binary,,,0.0,True,False,False,0.56,0.27,0.1172839506172839,0.1219135802469135,-0.0046296296296296,,,,,,0.13625,0.1633333333333333,0.01791666666666658,-0.0533333333333333
a0_75_primary,balanced-seed-25-R1,25,300,16,balanced,0.4,symmetric_0.20,0.2,0.2,1,True,TrueTreeOracle,0.1470833333333333,0.1766666666666666,0.5817535545023698,0,True,0,0.0,0.0529397000063909,0.0001386999938404,0.0526420999958645,-1,not_random,not_binary,,,,,,,0.62,0.38,0.1513157894736842,0.1513157894736842,0.0,,,,,,0.1470833333333333,0.1766666666666666,0.0,0.0
a0_75_primary,balanced-seed-25-R1,25,300,16,balanced,0.4,symmetric_0.20,0.2,0.2,1,True,DataAgnosticRandomTree,0.1960416666666666,0.0533333333333333,0.4040531982267257,176,False,0,1.0,0.0464577000093413,0.0003762999986065,0.0460110999993048,0,primary,not_binary,,,,,,,0.7133333333333334,0.1233333333333333,0.1925675675675675,0.1706081081081081,0.0219594594594594,,,,,,0.1470833333333333,0.1766666666666666,0.0489583333333333,-0.12333333333333331
a0_75_primary,balanced-seed-25-R1,25,300,16,balanced,0.4,symmetric_0.20,0.2,0.2,1,True,BinaryMWST,0.1979166666666666,0.0666666666666666,0.5187436676798379,78,False,0,0.5333333333333333,0.0592075000022305,0.0006532999977935,0.0584010000020498,-1,not_random,observed,True,True,,,,,0.6,0.23,0.1748188405797101,0.1168478260869565,0.0579710144927536,,,,,,0.1470833333333333,0.1766666666666666,0.050833333333333314,-0.11000000000000001
a0_75_primary,balanced-seed-25-R1,25,300,16,balanced,0.4,symmetric_0.20,0.2,0.2,1,True,NoiseCorrectedMWST,0.16125,0.0933333333333333,0.539833531510107,96,False,0,0.4,0.0458398000046145,0.0009793000062927,0.0446258000010857,-1,not_random,not_binary,,,,,,,0.5233333333333333,0.2333333333333333,0.1357142857142857,0.1321428571428571,0.0035714285714285,,,,,,0.1470833333333333,0.1766666666666666,0.014166666666666716,-0.08333333333333331
a0_75_primary,balanced-seed-25-R1,25,300,16,balanced,0.4,symmetric_0.20,0.2,0.2,1,True,BootstrapStabilityMWST,0.1572916666666666,0.1233333333333333,0.5492537313432836,80,False,0,0.3333333333333333,0.1043213000084506,0.0507222000014735,0.0535243999911472,-1,not_random,not_binary,,,,,,,0.5266666666666666,0.2766666666666666,0.1415662650602409,0.1355421686746988,0.0060240963855421,100.0,,,,,0.1470833333333333,0.1766666666666666,0.01020833333333332,-0.053333333333333316
a0_75_primary,balanced-seed-25-R1,25,300,16,balanced,0.4,symmetric_0.20,0.2,0.2,1,True,AlternatingTreeIncidenceEstimator,0.16125,0.0933333333333333,0.539833531510107,96,False,0,0.4,0.0604610000009415,0.0014593999949283,0.0585853999946266,-1,not_random,not_binary,,,0.0,True,False,False,0.5233333333333333,0.2333333333333333,0.1357142857142857,0.1321428571428571,0.0035714285714285,,,,,,0.1470833333333333,0.1766666666666666,0.014166666666666716,-0.08333333333333331
a0_75_primary,balanced-seed-26-R1,26,300,16,balanced,0.4,symmetric_0.20,0.2,0.2,1,True,TrueTreeOracle,0.1460416666666666,0.17,0.5605015673981192,0,True,0,0.0,0.0393020999908912,0.0001399000029778,0.0390975000045727,-1,not_random,not_binary,,,,,,,0.5866666666666667,0.4133333333333333,0.1517137096774193,0.1517137096774193,0.0,,,,,,0.1460416666666666,0.17,0.0,0.0
a0_75_primary,balanced-seed-26-R1,26,300,16,balanced,0.4,symmetric_0.20,0.2,0.2,1,True,DataAgnosticRandomTree,0.1875,0.0566666666666666,0.4178525226390686,152,False,0,0.9333333333333332,0.0419745999970473,0.0002118999982485,0.0416878999967593,0,primary,not_binary,,,,,,,0.67,0.1433333333333333,0.1831395348837209,0.1497093023255813,0.0334302325581395,,,,,,0.1460416666666666,0.17,0.0414583333333334,-0.11333333333333341
a0_75_primary,balanced-seed-26-R1,26,300,16,balanced,0.4,symmetric_0.20,0.2,0.2,1,True,BinaryMWST,0.19875,0.0566666666666666,0.4994753410283316,66,False,0,0.5333333333333333,0.0465950000070733,0.0006638000049861,0.0457787000050302,-1,not_random,observed,True,True,,,,,0.4866666666666667,0.26,0.1955128205128205,0.1442307692307692,0.0512820512820512,,,,,,0.1460416666666666,0.17,0.05270833333333341,-0.11333333333333341
a0_75_primary,balanced-seed-26-R1,26,300,16,balanced,0.4,symmetric_0.20,0.2,0.2,1,True,NoiseCorrectedMWST,0.1904166666666666,0.0666666666666666,0.4859392575928009,78,False,0,0.5333333333333333,0.0641357999993488,0.000341799997841,0.0636240000021644,-1,not_random,not_binary,,,,,,,0.6266666666666667,0.22,0.2159090909090909,0.1543560606060606,0.0615530303030303,,,,,,0.1460416666666666,0.17,0.044375,-0.10333333333333342
a0_75_primary,balanced-seed-26-R1,26,300,16,balanced,0.4,symmetric_0.20,0.2,0.2,1,True,BootstrapStabilityMWST,0.1910416666666666,0.0466666666666666,0.4780876494023904,105,False,0,0.6,0.0770753000106196,0.0442583999974885,0.0324644999927841,-1,not_random,not_binary,,,,,,,0.6233333333333333,0.2166666666666666,0.2201923076923077,0.15,0.0701923076923076,100.0,,,,,0.1460416666666666,0.17,0.04500000000000001,-0.1233333333333334
a0_75_primary,balanced-seed-26-R1,26,300,16,balanced,0.4,symmetric_0.20,0.2,0.2,1,True,AlternatingTreeIncidenceEstimator,0.1904166666666666,0.0666666666666666,0.4859392575928009,78,False,0,0.5333333333333333,0.0616957000020192,0.0006941000028746,0.060631900007138,-1,not_random,not_binary,,,0.0,True,False,False,0.6266666666666667,0.22,0.2159090909090909,0.1543560606060606,0.0615530303030303,,,,,,0.1460416666666666,0.17,0.044375,-0.10333333333333342
a0_75_primary,balanced-seed-27-R1,27,300,16,balanced,0.4,symmetric_0.20,0.2,0.2,1,True,TrueTreeOracle,0.1510416666666666,0.1533333333333333,0.5656081485919712,0,True,0,0.0,0.0397116999956779,0.0001363000046694,0.0394921999977668,-1,not_random,not_binary,,,,,,,0.63,0.37,0.15259009009009,0.15259009009009,0.0,,,,,,0.1510416666666666,0.1533333333333333,0.0,0.0
a0_75_primary,balanced-seed-27-R1,27,300,16,balanced,0.4,symmetric_0.20,0.2,0.2,1,True,DataAgnosticRandomTree,0.1922916666666666,0.04,0.4161922833649588,161,False,0,0.8,0.0367378999944776,0.0002373000024817,0.0364287999982479,0,primary,not_binary,,,,,,,0.6066666666666667,0.1766666666666666,0.1733490566037736,0.1261792452830188,0.0471698113207547,,,,,,0.1510416666666666,0.1533333333333333,0.04125000000000001,-0.11333333333333329
a0_75_primary,balanced-seed-27-R1,27,300,16,balanced,0.4,symmetric_0.20,0.2,0.2,1,True,BinaryMWST,0.1627083333333333,0.11,0.554985754985755,28,False,0,0.1999999999999999,0.0548428000038256,0.0003697000065585,0.054221200000029,-1,not_random,observed,True,True,,,,,0.6033333333333334,0.27,0.1720679012345679,0.1635802469135802,0.0084876543209876,,,,,,0.1510416666666666,0.1533333333333333,0.011666666666666686,-0.04333333333333329
a0_75_primary,balanced-seed-27-R1,27,300,16,balanced,0.4,symmetric_0.20,0.2,0.2,1,True,NoiseCorrectedMWST,0.159375,0.11,0.547069271758437,34,False,0,0.1999999999999999,0.049800699998741,0.0006053000106476,0.0488292000081855,-1,not_random,not_binary,,,,,,,0.63,0.2633333333333333,0.1574367088607595,0.1542721518987341,0.0031645569620253,,,,,,0.1510416666666666,0.1533333333333333,0.008333333333333387,-0.04333333333333329
a0_75_primary,balanced-seed-27-R1,27,300,16,balanced,0.4,symmetric_0.20,0.2,0.2,1,True,BootstrapStabilityMWST,0.159375,0.11,0.547069271758437,34,False,0,0.1999999999999999,0.1094210000010207,0.0554952999955276,0.0537360000016633,-1,not_random,not_binary,,,,,,,0.63,0.2633333333333333,0.1574367088607595,0.1542721518987341,0.0031645569620253,100.0,,,,,0.1510416666666666,0.1533333333333333,0.008333333333333387,-0.04333333333333329
a0_75_primary,balanced-seed-27-R1,27,300,16,balanced,0.4,symmetric_0.20,0.2,0.2,1,True,AlternatingTreeIncidenceEstimator,0.159375,0.11,0.547069271758437,34,False,0,0.1999999999999999,0.0629470999992918,0.0029211999935796,0.0591456999973161,-1,not_random,not_binary,,,0.0,True,False,False,0.63,0.2633333333333333,0.1574367088607595,0.1542721518987341,0.0031645569620253,,,,,,0.1510416666666666,0.1533333333333333,0.008333333333333387,-0.04333333333333329
a0_75_primary,balanced-seed-28-R1,28,300,16,balanced,0.4,symmetric_0.20,0.2,0.2,1,True,TrueTreeOracle,0.1458333333333333,0.1766666666666666,0.5684340320591863,0,True,0,0.0,0.0548143999913008,0.0001204000000143,0.0544930000032763,-1,not_random,not_binary,,,,,,,0.63,0.37,0.1351351351351351,0.1351351351351351,0.0,,,,,,0.1458333333333333,0.1766666666666666,0.0,0.0
a0_75_primary,balanced-seed-28-R1,28,300,16,balanced,0.4,symmetric_0.20,0.2,0.2,1,True,DataAgnosticRandomTree,0.2129166666666666,0.02,0.3699136868064118,184,False,0,1.0,0.0694878999929642,0.0006062000029487,0.0686194000008981,0,primary,not_binary,,,,,,,0.7033333333333334,0.1066666666666666,0.224609375,0.146484375,0.078125,,,,,,0.1458333333333333,0.1766666666666666,0.0670833333333333,-0.15666666666666662
a0_75_primary,balanced-seed-28-R1,28,300,16,balanced,0.4,symmetric_0.20,0.2,0.2,1,True,BinaryMWST,0.1672916666666666,0.1033333333333333,0.5301345816266823,81,False,0,0.4666666666666667,0.0650680999970063,0.0009299000084865,0.063993699994171,-1,not_random,observed,True,True,,,,,0.56,0.1966666666666666,0.1366525423728813,0.1260593220338983,0.010593220338983,,,,,,0.1458333333333333,0.1766666666666666,0.0214583333333333,-0.0733333333333333
a0_75_primary,balanced-seed-28-R1,28,300,16,balanced,0.4,symmetric_0.20,0.2,0.2,1,True,NoiseCorrectedMWST,0.1672916666666666,0.1033333333333333,0.5301345816266823,81,False,0,0.4666666666666667,0.0407881999999517,0.0003637000045273,0.0403446999989682,-1,not_random,not_binary,,,,,,,0.56,0.1966666666666666,0.1366525423728813,0.1260593220338983,0.010593220338983,,,,,,0.1458333333333333,0.1766666666666666,0.0214583333333333,-0.0733333333333333
a0_75_primary,balanced-seed-28-R1,28,300,16,balanced,0.4,symmetric_0.20,0.2,0.2,1,True,BootstrapStabilityMWST,0.1554166666666666,0.11,0.5377942998760843,79,False,0,0.3333333333333333,0.0968781999981729,0.0385609000077238,0.0580939999927068,-1,not_random,not_binary,,,,,,,0.55,0.23,0.1322463768115942,0.118659420289855,0.0135869565217391,100.0,,,,,0.1458333333333333,0.1766666666666666,0.009583333333333305,-0.06666666666666661
a0_75_primary,balanced-seed-28-R1,28,300,16,balanced,0.4,symmetric_0.20,0.2,0.2,1,True,AlternatingTreeIncidenceEstimator,0.1672916666666666,0.1033333333333333,0.5301345816266823,81,False,0,0.4666666666666667,0.0367993000108981,0.0012868999911006,0.0349910000077215,-1,not_random,not_binary,,,0.0,True,False,False,0.56,0.1966666666666666,0.1366525423728813,0.1260593220338983,0.010593220338983,,,,,,0.1458333333333333,0.1766666666666666,0.0214583333333333,-0.0733333333333333
a0_75_primary,balanced-seed-29-R1,29,300,16,balanced,0.4,symmetric_0.20,0.2,0.2,1,True,TrueTreeOracle,0.139375,0.2,0.6076246334310851,0,True,0,0.0,0.0340364000003319,9.440000576432794e-05,0.0338715000107185,-1,not_random,not_binary,,,,,,,0.59,0.41,0.1443089430894309,0.1443089430894309,0.0,,,,,,0.139375,0.2,0.0,0.0
a0_75_primary,balanced-seed-29-R1,29,300,16,balanced,0.4,symmetric_0.20,0.2,0.2,1,True,DataAgnosticRandomTree,0.1879166666666666,0.0366666666666666,0.401062416998672,180,False,0,0.9333333333333332,0.0394367999979294,0.0003689000004669,0.0389111999975284,0,primary,not_binary,,,,,,,0.7066666666666667,0.0933333333333333,0.1986607142857142,0.1696428571428571,0.0290178571428571,,,,,,0.139375,0.2,0.048541666666666594,-0.1633333333333334
a0_75_primary,balanced-seed-29-R1,29,300,16,balanced,0.4,symmetric_0.20,0.2,0.2,1,True,BinaryMWST,0.1427083333333333,0.17,0.5934718100890207,56,False,0,0.4,0.0365559000056237,0.0003576000017346,0.0361196999874664,-1,not_random,observed,True,True,,,,,0.6266666666666667,0.22,0.1174242424242424,0.1183712121212121,-0.0009469696969696,,,,,,0.139375,0.2,0.0033333333333332993,-0.03
a0_75_primary,balanced-seed-29-R1,29,300,16,balanced,0.4,symmetric_0.20,0.2,0.2,1,True,NoiseCorrectedMWST,0.1502083333333333,0.1666666666666666,0.582513028372901,51,False,0,0.2666666666666667,0.0466126999963307,0.0003149999974993,0.0462178000016137,-1,not_random,not_binary,,,,,,,0.6133333333333333,0.25,0.1291666666666666,0.1266666666666666,0.0025,,,,,,0.139375,0.2,0.010833333333333306,-0.03333333333333341
a0_75_primary,balanced-seed-29-R1,29,300,16,balanced,0.4,symmetric_0.20,0.2,0.2,1,True,BootstrapStabilityMWST,0.1489583333333333,0.1566666666666666,0.5776727702303602,74,False,0,0.4,0.0784086999919964,0.0405986000114353,0.0377131000132067,-1,not_random,not_binary,,,,,,,0.5466666666666666,0.2366666666666666,0.1346830985915492,0.1382042253521127,-0.0035211267605633,100.0,,,,,0.139375,0.2,0.009583333333333305,-0.04333333333333342
a0_75_primary,balanced-seed-29-R1,29,300,16,balanced,0.4,symmetric_0.20,0.2,0.2,1,True,AlternatingTreeIncidenceEstimator,0.1502083333333333,0.1666666666666666,0.582513028372901,51,False,0,0.2666666666666667,0.0439131000021006,0.0011388000129954,0.0422055999952135,-1,not_random,not_binary,,,0.0,True,False,False,0.6133333333333333,0.25,0.1291666666666666,0.1266666666666666,0.0025,,,,,,0.139375,0.2,0.010833333333333306,-0.03333333333333341
a0_75_primary,random-seed-00-R1,0,300,16,random,0.4,symmetric_0.20,0.2,0.2,1,True,ProfileLikelihoodTreeSearch,0.1904166666666666,0.1033333333333333,0.5308008213552362,102,False,0,0.5333333333333333,8.238029000000097,8.19105789999594,0.0457224999991012,-1,not_random,not_binary,,,6.0,True,True,False,,,,,,,168.0,-1834.9372392852663,-1664.42303286752,24.0,0.1422916666666666,0.2166666666666666,0.048125,-0.11333333333333329
a0_75_primary,random-seed-01-R1,1,300,16,random,0.4,symmetric_0.20,0.2,0.2,1,True,ProfileLikelihoodTreeSearch,0.1733333333333333,0.1366666666666666,0.5367483296213809,94,False,0,0.4666666666666667,5.072412299996358,5.019250600002124,0.0520312000007834,-1,not_random,not_binary,,,3.0,True,True,False,,,,,,,96.0,-1855.7316547020648,-1787.80323100719,24.0,0.13,0.2333333333333333,0.04333333333333331,-0.0966666666666667
a0_75_primary,random-seed-02-R1,2,300,16,random,0.4,symmetric_0.20,0.2,0.2,1,True,ProfileLikelihoodTreeSearch,0.1666666666666666,0.1166666666666666,0.55995599559956,64,False,0,0.4,7.695958500000415,7.633872999998857,0.061790200008545,-1,not_random,not_binary,,,5.0,True,True,False,,,,,,,144.0,-1804.4387633406288,-1704.625569339997,24.0,0.1252083333333333,0.2233333333333333,0.04145833333333329,-0.1066666666666667
a0_75_primary,random-seed-03-R1,3,300,16,random,0.4,symmetric_0.20,0.2,0.2,1,True,ProfileLikelihoodTreeSearch,0.2004166666666666,0.0733333333333333,0.5111788617886178,110,False,0,0.6,8.466106499996386,8.408004600001732,0.0572784000105457,-1,not_random,not_binary,,,6.0,True,True,False,,,,,,,168.0,-1772.5539930348714,-1696.3078031732775,24.0,0.138125,0.1933333333333333,0.062291666666666606,-0.12
a0_75_primary,random-seed-04-R1,4,300,16,random,0.4,symmetric_0.20,0.2,0.2,1,True,ProfileLikelihoodTreeSearch,0.1977083333333333,0.07,0.5336609336609337,96,False,0,0.4666666666666667,7.36491190000379,7.302377699990757,0.0618290999991586,-1,not_random,not_binary,,,5.0,True,True,False,,,,,,,144.0,-1786.4169366460703,-1692.1489200899175,24.0,0.145625,0.1866666666666666,0.05208333333333329,-0.11666666666666659
a0_75_primary,random-seed-05-R1,5,300,16,random,0.4,symmetric_0.20,0.2,0.2,1,True,ProfileLikelihoodTreeSearch,0.185,0.1333333333333333,0.5261472785485592,73,False,0,0.3333333333333333,5.351585199998226,5.3117027999978745,0.039712400001008,-1,not_random,not_binary,,,3.0,True,True,False,,,,,,,96.0,-1865.435715229904,-1753.1458719791929,24.0,0.14,0.21,0.044999999999999984,-0.07666666666666669
a0_75_primary,random-seed-06-R1,6,300,16,random,0.4,symmetric_0.20,0.2,0.2,1,True,ProfileLikelihoodTreeSearch,0.1770833333333333,0.11,0.5380434782608695,109,False,0,0.4666666666666667,8.287317100010114,8.235067100002198,0.0520257000025594,-1,not_random,not_binary,,,5.0,True,True,False,,,,,,,144.0,-1848.8001828964648,-1751.7595776180729,24.0,0.13,0.24,0.04708333333333328,-0.13
a0_75_primary,random-seed-07-R1,7,300,16,random,0.4,symmetric_0.20,0.2,0.2,1,True,ProfileLikelihoodTreeSearch,0.1758333333333333,0.07,0.5437837837837838,91,False,0,0.4,8.086583600001177,8.035219699988374,0.0511626000079559,-1,not_random,not_binary,,,5.0,True,True,False,,,,,,,144.0,-1829.392061840787,-1679.6722708398388,24.0,0.1304166666666666,0.2066666666666666,0.045416666666666716,-0.1366666666666666
a0_75_primary,random-seed-08-R1,8,300,16,random,0.4,symmetric_0.20,0.2,0.2,1,True,ProfileLikelihoodTreeSearch,0.19375,0.0866666666666666,0.5377733598409542,101,False,0,0.6,10.545489399999497,10.471804300002988,0.0732406000024639,-1,not_random,not_binary,,,7.0,True,True,False,,,,,,,192.0,-1911.1834291468604,-1742.055517090234,24.0,0.1491666666666666,0.1866666666666666,0.04458333333333342,-0.09999999999999999
a0_75_primary,random-seed-09-R1,9,300,16,random,0.4,symmetric_0.20,0.2,0.2,1,True,ProfileLikelihoodTreeSearch,0.19875,0.08,0.5097636176772866,89,False,0,0.3333333333333333,7.151824900007341,7.1078521000017645,0.0434718000033171,-1,not_random,not_binary,,,5.0,True,True,False,,,,,,,144.0,-1893.1616024523016,-1730.9651622012748,24.0,0.149375,0.1633333333333333,0.049375,-0.0833333333333333
a0_75_primary,random-seed-10-R1,10,300,16,random,0.4,symmetric_0.20,0.2,0.2,1,True,ProfileLikelihoodTreeSearch,0.2004166666666666,0.0966666666666666,0.5146316851664985,92,False,0,0.4666666666666667,10.18940350000048,10.139046800002689,0.0501528999884612,-1,not_random,not_binary,,,7.0,True,True,False,,,,,,,192.0,-1887.6164250078225,-1674.1270933953592,24.0,0.1270833333333333,0.2433333333333333,0.0733333333333333,-0.1466666666666667
a0_75_primary,random-seed-11-R1,11,300,16,random,0.4,symmetric_0.20,0.2,0.2,1,True,ProfileLikelihoodTreeSearch,0.1910416666666666,0.1233333333333333,0.5580722891566265,55,False,0,0.3333333333333333,9.654573100007838,9.608249600001727,0.0461658999993233,-1,not_random,not_binary,,,7.0,True,True,False,,,,,,,192.0,-1803.0524689795088,-1631.1519682006424,24.0,0.153125,0.1733333333333333,0.0379166666666666,-0.05000000000000002
a0_75_primary,random-seed-12-R1,12,300,16,random,0.4,symmetric_0.20,0.2,0.2,1,True,ProfileLikelihoodTreeSearch,0.1645833333333333,0.1066666666666666,0.5308788598574822,81,False,0,0.3333333333333333,9.289666099997705,9.231610100003309,0.0575041999982204,-1,not_random,not_binary,,,5.0,True,True,False,,,,,,,144.0,-1825.2331787574271,-1762.849932507032,24.0,0.135625,0.2033333333333333,0.028958333333333308,-0.0966666666666667
a0_75_primary,random-seed-13-R1,13,300,16,random,0.4,symmetric_0.20,0.2,0.2,1,True,ProfileLikelihoodTreeSearch,0.1866666666666666,0.09,0.5066079295154184,99,False,0,0.5333333333333333,11.987432099995203,11.950589400003082,0.0361045999889029,-1,not_random,not_binary,,,6.0,True,True,False,,,,,,,168.0,-1918.11490095246,-1823.8468843963076,24.0,0.1558333333333333,0.1666666666666666,0.030833333333333296,-0.0766666666666666
a0_75_primary,random-seed-14-R1,14,300,16,random,0.4,symmetric_0.20,0.2,0.2,1,True,ProfileLikelihoodTreeSearch,0.19,0.1233333333333333,0.4983498349834983,90,False,0,0.5333333333333333,6.931346600002144,6.886925999991945,0.0437989000056404,-1,not_random,not_binary,,,6.0,True,True,False,,,,,,,168.0,-1790.57581972943,-1676.8996821175988,24.0,0.1370833333333333,0.23,0.052916666666666695,-0.10666666666666672
a0_75_primary,random-seed-15-R1,15,300,16,random,0.4,symmetric_0.20,0.2,0.2,1,True,ProfileLikelihoodTreeSearch,0.1710416666666666,0.1133333333333333,0.5003043213633597,86,False,0,0.6,3.745233399997233,3.708075499991537,0.0367024000006495,-1,not_random,not_binary,,,3.0,True,True,False,,,,,,,96.0,-1907.0245460635008,-1836.3235336463863,24.0,0.1408333333333333,0.2033333333333333,0.03020833333333328,-0.09000000000000001
a0_75_primary,random-seed-16-R1,16,300,16,random,0.4,symmetric_0.20,0.2,0.2,1,True,ProfileLikelihoodTreeSearch,0.1902083333333333,0.07,0.5046120455778622,111,False,0,0.4666666666666667,5.543182200010051,5.504117200005567,0.0389018999994732,-1,not_random,not_binary,,,4.0,True,True,False,,,,,,,120.0,-1858.5042434243048,-1776.712876118231,24.0,0.1347916666666666,0.2033333333333333,0.055416666666666725,-0.1333333333333333
a0_75_primary,random-seed-17-R1,17,300,16,random,0.4,symmetric_0.20,0.2,0.2,1,True,ProfileLikelihoodTreeSearch,0.1864583333333333,0.0766666666666666,0.4906089926010246,135,False,0,0.6666666666666667,5.055461700001615,5.01495120000618,0.0400862999958917,-1,not_random,not_binary,,,4.0,True,True,False,,,,,,,120.0,-1833.5509449241467,-1764.236226868152,24.0,0.1364583333333333,0.1866666666666666,0.05000000000000002,-0.10999999999999999
a0_75_primary,random-seed-18-R1,18,300,16,random,0.4,symmetric_0.20,0.2,0.2,1,True,ProfileLikelihoodTreeSearch,0.184375,0.0933333333333333,0.5042016806722688,91,False,0,0.4,4.639272599990363,4.604347200001939,0.0347822000039741,-1,not_random,not_binary,,,4.0,True,True,False,,,,,,,120.0,-1880.684953202223,-1742.0555170902337,24.0,0.155,0.17,0.029375000000000012,-0.07666666666666672
a0_75_primary,random-seed-19-R1,19,300,16,random,0.4,symmetric_0.20,0.2,0.2,1,True,ProfileLikelihoodTreeSearch,0.17625,0.0966666666666666,0.4897466827503015,102,False,0,0.4666666666666667,4.268843599988031,4.22673890000442,0.0416185999929439,-1,not_random,not_binary,,,3.0,True,True,False,,,,,,,96.0,-1926.4326671191795,-1851.5727716187048,24.0,0.1279166666666666,0.2133333333333333,0.048333333333333395,-0.1166666666666667
a0_75_primary,random-seed-20-R1,20,300,16,random,0.4,symmetric_0.20,0.2,0.2,1,True,ProfileLikelihoodTreeSearch,0.1677083333333333,0.13,0.5459672870840384,55,False,0,0.3333333333333333,5.268156899997848,5.228625899995677,0.0387748999928589,-1,not_random,not_binary,,,4.0,True,True,False,,,,,,,120.0,-1809.9839407851084,-1678.285976478719,24.0,0.140625,0.21,0.027083333333333293,-0.07999999999999999
a0_75_primary,random-seed-21-R1,21,300,16,random,0.4,symmetric_0.20,0.2,0.2,1,True,ProfileLikelihoodTreeSearch,0.165625,0.1266666666666666,0.5391304347826087,67,False,0,0.3333333333333333,4.732652499995311,4.667815699998755,0.0598526000103447,-1,not_random,not_binary,,,3.0,True,True,False,,,,,,,96.0,-1859.8905377854244,-1798.8935858961493,24.0,0.1275,0.2366666666666666,0.03812499999999999,-0.11000000000000001
a0_75_primary,random-seed-22-R1,22,300,16,random,0.4,symmetric_0.20,0.2,0.2,1,True,ProfileLikelihoodTreeSearch,0.189375,0.11,0.5369332654100867,80,False,0,0.4,9.977273900003638,9.921073899997282,0.0556290999957127,-1,not_random,not_binary,,,6.0,True,True,False,,,,,,,168.0,-1791.9621140905497,-1640.8560287284818,24.0,0.1322916666666666,0.2166666666666666,0.057083333333333375,-0.10666666666666659
a0_75_primary,random-seed-23-R1,23,300,16,random,0.4,symmetric_0.20,0.2,0.2,1,True,ProfileLikelihoodTreeSearch,0.1820833333333333,0.0933333333333333,0.5176600441501104,100,False,0,0.4,11.175599600013811,11.090670099991256,0.0841302999906474,-1,not_random,not_binary,,,4.0,True,True,False,,,,,,,120.0,-1933.364138924779,-1823.8468843963076,24.0,0.1408333333333333,0.1666666666666666,0.04124999999999998,-0.0733333333333333
a0_75_primary,random-seed-24-R1,24,300,16,random,0.4,symmetric_0.20,0.2,0.2,1,True,ProfileLikelihoodTreeSearch,0.17125,0.1466666666666666,0.5215366705471479,56,False,0,0.4666666666666667,7.420190799995908,7.37467989999277,0.0451942000072449,-1,not_random,not_binary,,,3.0,True,True,False,,,,,,,96.0,-1787.80323100719,-1699.080391895517,24.0,0.1391666666666666,0.2233333333333333,0.03208333333333341,-0.07666666666666669
a0_75_primary,random-seed-25-R1,25,300,16,random,0.4,symmetric_0.20,0.2,0.2,1,True,ProfileLikelihoodTreeSearch,0.164375,0.1066666666666666,0.5415456130156886,68,False,0,0.2666666666666667,3.869100800002343,3.803425000005518,0.0647152000019559,-1,not_random,not_binary,,,2.0,True,True,False,,,,,,,72.0,-1811.3702351462284,-1718.4885129511954,24.0,0.143125,0.1733333333333333,0.02124999999999999,-0.06666666666666671
a0_75_primary,random-seed-26-R1,26,300,16,random,0.4,symmetric_0.20,0.2,0.2,1,True,ProfileLikelihoodTreeSearch,0.1808333333333333,0.1233333333333333,0.5348338692390139,94,False,0,0.4666666666666667,8.231816500003333,8.157187899996643,0.0740692999970633,-1,not_random,not_binary,,,4.0,True,True,False,,,,,,,120.0,-1920.8874896746995,-1815.529118229588,24.0,0.15125,0.19,0.029583333333333295,-0.06666666666666671
a0_75_primary,random-seed-27-R1,27,300,16,random,0.4,symmetric_0.20,0.2,0.2,1,True,ProfileLikelihoodTreeSearch,0.1747916666666666,0.13,0.5235661555934129,91,False,0,0.4,12.65624850000313,12.56515650000074,0.090759300001082,-1,not_random,not_binary,,,5.0,True,True,False,,,,,,,144.0,-1872.367187035504,-1790.57581972943,24.0,0.1304166666666666,0.2366666666666666,0.044375,-0.1066666666666666
a0_75_primary,random-seed-28-R1,28,300,16,random,0.4,symmetric_0.20,0.2,0.2,1,True,ProfileLikelihoodTreeSearch,0.1770833333333333,0.1066666666666666,0.5478723404255319,89,False,0,0.4,5.33654829999432,5.29708400000527,0.0385817000060342,-1,not_random,not_binary,,,3.0,True,True,False,,,,,,,96.0,-1850.1864772575848,-1768.3951099515116,24.0,0.1410416666666666,0.1966666666666666,0.036041666666666694,-0.09
a0_75_primary,random-seed-29-R1,29,300,16,random,0.4,symmetric_0.20,0.2,0.2,1,True,ProfileLikelihoodTreeSearch,0.1789583333333333,0.1233333333333333,0.5500261917234155,65,False,0,0.3333333333333333,7.677490400004899,7.635565000004135,0.0410099999862723,-1,not_random,not_binary,,,6.0,True,True,False,,,,,,,168.0,-1864.049420868784,-1701.852980617757,24.0,0.138125,0.1833333333333333,0.040833333333333305,-0.06
a0_75_primary,path-seed-00-R1,0,300,16,path,0.4,symmetric_0.20,0.2,0.2,1,True,ProfileLikelihoodTreeSearch,0.1666666666666666,0.1633333333333333,0.54233409610984,67,False,0,0.3333333333333333,4.194394299993292,4.120964200003073,0.0728716000012354,-1,not_random,not_binary,,,2.0,True,True,False,,,,,,,72.0,-1880.684953202223,-1803.0524689795088,24.0,0.1160416666666666,0.2566666666666666,0.050625,-0.0933333333333333
a0_75_primary,path-seed-01-R1,1,300,16,path,0.4,symmetric_0.20,0.2,0.2,1,True,ProfileLikelihoodTreeSearch,0.1641666666666666,0.11,0.5018963337547409,59,False,0,0.3333333333333333,3.4412379000132205,3.3971755000093253,0.0433998000080464,-1,not_random,not_binary,,,2.0,True,True,False,,,,,,,72.0,-1915.34231223022,-1855.7316547020648,24.0,0.128125,0.2033333333333333,0.03604166666666661,-0.09333333333333331
a0_75_primary,path-seed-02-R1,2,300,16,path,0.4,symmetric_0.20,0.2,0.2,1,True,ProfileLikelihoodTreeSearch,0.1814583333333333,0.1133333333333333,0.502569960022844,93,False,0,0.5333333333333333,5.458343800011789,5.423227699997369,0.034213599996292,-1,not_random,not_binary,,,4.0,True,True,False,,,,,,,120.0,-1843.2550054519857,-1735.124045284634,24.0,0.1183333333333333,0.24,0.063125,-0.1266666666666667
a0_75_primary,path-seed-03-R1,3,300,16,path,0.4,symmetric_0.20,0.2,0.2,1,True,ProfileLikelihoodTreeSearch,0.1647916666666666,0.14,0.529446757882213,79,False,0,0.4666666666666667,5.505545599997276,5.468162899996969,0.0361923000018578,-1,not_random,not_binary,,,4.0,True,True,False,,,,,,,120.0,-1907.0245460635008,-1812.756529507348,24.0,0.1208333333333333,0.2766666666666666,0.04395833333333328,-0.1366666666666666
a0_75_primary,path-seed-04-R1,4,300,16,path,0.4,symmetric_0.20,0.2,0.2,1,True,ProfileLikelihoodTreeSearch,0.1716666666666666,0.12,0.4811083123425692,96,False,0,0.4666666666666667,3.5625600999919698,3.532907899993006,0.0294759000098565,-1,not_random,not_binary,,,3.0,True,True,False,,,,,,,96.0,-1865.435715229904,-1814.142823868468,24.0,0.124375,0.2433333333333333,0.04729166666666661,-0.1233333333333333
a0_75_primary,path-seed-05-R1,5,300,16,path,0.4,symmetric_0.20,0.2,0.2,1,True,ProfileLikelihoodTreeSearch,0.168125,0.1333333333333333,0.4869675778766688,88,False,0,0.4,4.065303099996527,4.030311399998027,0.0334374999947613,-1,not_random,not_binary,,,3.0,True,True,False,,,,,,,96.0,-1926.4326671191795,-1879.2986588411031,24.0,0.125,0.2233333333333333,0.043125,-0.09
a0_75_primary,path-seed-06-R1,6,300,16,path,0.4,symmetric_0.20,0.2,0.2,1,True,ProfileLikelihoodTreeSearch,0.16875,0.0866666666666666,0.4899244332493702,109,False,0,0.4666666666666667,4.671175000010408,4.637381499996991,0.0303521000023465,-1,not_random,not_binary,,,4.0,True,True,False,,,,,,,120.0,-1883.4575419244625,-1832.1646505630265,24.0,0.1295833333333333,0.1966666666666666,0.03916666666666671,-0.11
a0_75_primary,path-seed-07-R1,7,300,16,path,0.4,symmetric_0.20,0.2,0.2,1,True,ProfileLikelihoodTreeSearch,0.1691666666666666,0.12,0.5060827250608272,94,False,0,0.6,3.727332900001784,3.682406699997955,0.0440418999933172,-1,not_random,not_binary,,,3.0,True,True,False,,,,,,,96.0,-1834.9372392852663,-1771.1676986737516,24.0,0.119375,0.2066666666666666,0.04979166666666661,-0.08666666666666661
a0_75_primary,path-seed-08-R1,8,300,16,path,0.4,symmetric_0.20,0.2,0.2,1,True,ProfileLikelihoodTreeSearch,0.1804166666666666,0.1,0.4647713226205192,90,False,0,0.4666666666666667,4.8666705999930855,4.8237292999983765,0.0420761000132188,-1,not_random,not_binary,,,4.0,True,True,False,,,,,,,120.0,-1944.4544938137376,-1819.688001312948,24.0,0.12125,0.24,0.05916666666666659,-0.13999999999999999
a0_75_primary,path-seed-09-R1,9,300,16,path,0.4,symmetric_0.20,0.2,0.2,1,True,ProfileLikelihoodTreeSearch,0.185625,0.0766666666666666,0.4364326375711576,127,False,0,0.5333333333333333,4.17046529999061,4.141793899994809,0.0280485000112094,-1,not_random,not_binary,,,4.0,True,True,False,,,,,,,120.0,-1844.641299813106,-1778.099170479351,24.0,0.1197916666666666,0.23,0.06583333333333341,-0.1533333333333334
a0_75_primary,path-seed-10-R1,10,300,16,path,0.4,symmetric_0.20,0.2,0.2,1,True,ProfileLikelihoodTreeSearch,0.153125,0.14,0.5420560747663551,82,False,0,0.4,3.237054900004296,3.206889700013562,0.0300788000022294,-1,not_random,not_binary,,,3.0,True,True,False,,,,,,,96.0,-1883.4575419244627,-1804.4387633406288,24.0,0.1108333333333333,0.28,0.042291666666666713,-0.14
a0_75_primary,path-seed-11-R1,11,300,16,path,0.4,symmetric_0.20,0.2,0.2,1,True,ProfileLikelihoodTreeSearch,0.1897916666666666,0.09,0.4724956572090329,122,False,0,0.6,7.9334709999966435,7.900894399994286,0.0323713999969186,-1,not_random,not_binary,,,8.0,True,True,False,,,,,,,216.0,-1927.818961480299,-1772.5539930348714,24.0,0.125,0.2466666666666666,0.06479166666666661,-0.1566666666666666
a0_75_primary,path-seed-12-R1,12,300,16,path,0.4,symmetric_0.20,0.2,0.2,1,True,ProfileLikelihoodTreeSearch,0.1841666666666666,0.1066666666666666,0.4712918660287081,88,False,0,0.6,8.66532119999465,8.618826700010686,0.0458723999909125,-1,not_random,not_binary,,,6.0,True,True,False,,,,,,,168.0,-1843.2550054519857,-1725.419984756795,24.0,0.1133333333333333,0.24,0.07083333333333329,-0.1333333333333334
a0_75_primary,path-seed-13-R1,13,300,16,path,0.4,symmetric_0.20,0.2,0.2,1,True,ProfileLikelihoodTreeSearch,0.1747916666666666,0.1233333333333333,0.5002977963073257,106,False,0,0.4666666666666667,5.555366500004311,5.517832300000009,0.0361294000031193,-1,not_random,not_binary,,,4.0,True,True,False,,,,,,,120.0,-1937.5230220081385,-1869.594598313264,24.0,0.1197916666666666,0.25,0.05499999999999999,-0.1266666666666667
a0_75_primary,path-seed-14-R1,14,300,16,path,0.4,symmetric_0.20,0.2,0.2,1,True,ProfileLikelihoodTreeSearch,0.17,0.1066666666666666,0.5182998819362457,97,False,0,0.4666666666666667,4.971945599987521,4.936466099999961,0.0353134999895701,-1,not_random,not_binary,,,4.0,True,True,False,,,,,,,120.0,-1889.002719368942,-1796.1209971739097,24.0,0.125625,0.2233333333333333,0.044375000000000026,-0.1166666666666667
a0_75_primary,path-seed-15-R1,15,300,16,path,0.4,symmetric_0.20,0.2,0.2,1,True,ProfileLikelihoodTreeSearch,0.1891666666666666,0.0766666666666666,0.469626168224299,126,False,0,0.5333333333333333,6.617253199990955,6.586400500003947,0.0303145999932894,-1,not_random,not_binary,,,6.0,True,True,False,,,,,,,168.0,-1912.56972350798,-1786.4169366460703,24.0,0.1235416666666666,0.2233333333333333,0.06562499999999999,-0.1466666666666667
a0_75_primary,path-seed-16-R1,16,300,16,path,0.4,symmetric_0.20,0.2,0.2,1,True,ProfileLikelihoodTreeSearch,0.1625,0.1366666666666666,0.5232273838630808,72,False,0,0.4666666666666667,3.857338499990874,3.826848800003063,0.0303261000080965,-1,not_random,not_binary,,,3.0,True,True,False,,,,,,,96.0,-1895.9341911745416,-1828.005767479667,24.0,0.1247916666666666,0.2266666666666666,0.0377083333333334,-0.09
a0_75_primary,path-seed-17-R1,17,300,16,path,0.4,symmetric_0.20,0.2,0.2,1,True,ProfileLikelihoodTreeSearch,0.178125,0.11,0.5204711160964666,93,False,0,0.4,2.979208499993547,2.927970600008848,0.0510609999910229,-1,not_random,not_binary,,,2.0,True,True,False,,,,,,,72.0,-1818.301706951828,-1726.806279117915,24.0,0.1185416666666666,0.2333333333333333,0.059583333333333405,-0.12333333333333331
a0_75_primary,path-seed-18-R1,18,300,16,path,0.4,symmetric_0.20,0.2,0.2,1,True,ProfileLikelihoodTreeSearch,0.1779166666666666,0.1,0.4786324786324786,115,False,0,0.6,4.744782399997348,4.704025099999853,0.0399814000120386,-1,not_random,not_binary,,,4.0,True,True,False,,,,,,,120.0,-1862.6631265076644,-1791.9621140905497,24.0,0.1083333333333333,0.2866666666666667,0.06958333333333332,-0.18666666666666668
a0_75_primary,path-seed-19-R1,19,300,16,path,0.4,symmetric_0.20,0.2,0.2,1,True,ProfileLikelihoodTreeSearch,0.17,0.1066666666666666,0.4912718204488779,81,False,0,0.4,3.9877916000114055,3.952828800000134,0.0346499000006588,-1,not_random,not_binary,,,3.0,True,True,False,,,,,,,96.0,-1893.1616024523016,-1823.8468843963076,24.0,0.1391666666666666,0.1833333333333333,0.030833333333333407,-0.07666666666666669
a0_75_primary,path-seed-20-R1,20,300,16,path,0.4,symmetric_0.20,0.2,0.2,1,True,ProfileLikelihoodTreeSearch,0.1852083333333333,0.07,0.4980237154150197,96,False,0,0.4,5.843483599994215,5.801811799989082,0.0408304000011412,-1,not_random,not_binary,,,5.0,True,True,False,,,,,,,144.0,-1821.074295674068,-1732.3514565623946,24.0,0.12125,0.2266666666666666,0.06395833333333331,-0.1566666666666666
a0_75_primary,path-seed-21-R1,21,300,16,path,0.4,symmetric_0.20,0.2,0.2,1,True,ProfileLikelihoodTreeSearch,0.155625,0.14,0.5618768328445748,83,False,0,0.4666666666666667,3.695036800010712,3.662596099995426,0.0301373999973293,-1,not_random,not_binary,,,3.0,True,True,False,,,,,,,96.0,-1854.3453603409448,-1783.6443479238303,24.0,0.115,0.2666666666666666,0.04062500000000001,-0.1266666666666666
a0_75_primary,path-seed-22-R1,22,300,16,path,0.4,symmetric_0.20,0.2,0.2,1,True,ProfileLikelihoodTreeSearch,0.1583333333333333,0.1466666666666666,0.5,76,False,0,0.4,2.037120999986655,1.958260599989444,0.0778562999912537,-1,not_random,not_binary,,,1.0,True,True,False,,,,,,,48.0,-1930.5915502025389,-1873.7534813966236,24.0,0.12125,0.2566666666666666,0.0370833333333333,-0.10999999999999999
a0_75_primary,path-seed-23-R1,23,300,16,path,0.4,symmetric_0.20,0.2,0.2,1,True,ProfileLikelihoodTreeSearch,0.1947916666666666,0.0933333333333333,0.4541739638061879,101,False,0,0.5333333333333333,8.83569589999388,8.804894000000786,0.0302410000003874,-1,not_random,not_binary,,,8.0,True,True,False,,,,,,,216.0,-1848.8001828964652,-1703.239274978877,24.0,0.1222916666666666,0.24,0.07250000000000001,-0.1466666666666667
a0_75_primary,path-seed-24-R1,24,300,16,path,0.4,symmetric_0.20,0.2,0.2,1,True,ProfileLikelihoodTreeSearch,0.1777083333333333,0.1,0.4961606615475488,88,False,0,0.4666666666666667,6.263465199997881,6.207567500008736,0.0551531000091927,-1,not_random,not_binary,,,6.0,True,True,False,,,,,,,168.0,-1854.3453603409448,-1772.5539930348714,24.0,0.1145833333333333,0.28,0.063125,-0.18000000000000002
a0_75_primary,path-seed-25-R1,25,300,16,path,0.4,symmetric_0.20,0.2,0.2,1,True,ProfileLikelihoodTreeSearch,0.175,0.1033333333333333,0.5110593713620489,119,False,0,0.6,6.469748999996227,6.437101199990138,0.0325052999978652,-1,not_random,not_binary,,,6.0,True,True,False,,,,,,,168.0,-1890.389013730062,-1800.2798802572693,24.0,0.1177083333333333,0.2466666666666666,0.057291666666666685,-0.14333333333333328
a0_75_primary,path-seed-26-R1,26,300,16,path,0.4,symmetric_0.20,0.2,0.2,1,True,ProfileLikelihoodTreeSearch,0.1816666666666666,0.1166666666666666,0.5079006772009029,71,False,0,0.4,6.6654134999989765,6.635857600005693,0.0293947999889496,-1,not_random,not_binary,,,6.0,True,True,False,,,,,,,168.0,-1876.5260701188631,-1742.055517090234,24.0,0.1172916666666666,0.2233333333333333,0.06437499999999999,-0.1066666666666667
a0_75_primary,path-seed-27-R1,27,300,16,path,0.4,symmetric_0.20,0.2,0.2,1,True,ProfileLikelihoodTreeSearch,0.158125,0.17,0.518706404565631,62,False,0,0.4,1.937792199998512,1.910918400011724,0.0267995000031078,-1,not_random,not_binary,,,1.0,True,True,False,,,,,,,48.0,-1834.9372392852663,-1826.6194731185471,24.0,0.1254166666666666,0.28,0.032708333333333395,-0.11000000000000001
a0_75_primary,path-seed-28-R1,28,300,16,path,0.4,symmetric_0.20,0.2,0.2,1,True,ProfileLikelihoodTreeSearch,0.1658333333333333,0.1333333333333333,0.4987405541561713,92,False,0,0.4,2.686600000000908,2.6468623999971896,0.0391799999924842,-1,not_random,not_binary,,,2.0,True,True,False,,,,,,,72.0,-1844.6412998131057,-1796.1209971739097,24.0,0.1195833333333333,0.2466666666666666,0.04625,-0.11333333333333329
a0_75_primary,path-seed-29-R1,29,300,16,path,0.4,symmetric_0.20,0.2,0.2,1,True,ProfileLikelihoodTreeSearch,0.170625,0.1433333333333333,0.4819734345351044,77,False,0,0.4,4.449314700003015,4.415863699992769,0.0328086000081384,-1,not_random,not_binary,,,4.0,True,True,False,,,,,,,120.0,-1875.1397757577436,-1807.2113520628689,24.0,0.1179166666666666,0.2533333333333333,0.0527083333333334,-0.10999999999999999
a0_75_primary,star-seed-00-R1,0,300,16,star,0.4,symmetric_0.20,0.2,0.2,1,True,ProfileLikelihoodTreeSearch,0.21375,0.06,0.6657980456026059,0,True,0,0.0,3.0403836999903437,3.005803299995023,0.0339139999996405,-1,not_random,not_binary,,,2.0,True,True,False,,,,,,,72.0,-1424.5941083937787,-1287.3509666429095,24.0,0.21375,0.06,0.0,0.0
a0_75_primary,star-seed-01-R1,1,300,16,star,0.4,symmetric_0.20,0.2,0.2,1,True,ProfileLikelihoodTreeSearch,0.2189583333333333,0.0466666666666666,0.6148772444118725,0,True,0,0.0,1.5946168999944348,1.5660339999885764,0.0279229000007035,-1,not_random,not_binary,,,1.0,True,True,False,,,,,,,48.0,-1363.5971565045031,-1301.213910254109,24.0,0.2189583333333333,0.0466666666666666,0.0,0.0
a0_75_primary,star-seed-02-R1,2,300,16,star,0.4,symmetric_0.20,0.2,0.2,1,True,ProfileLikelihoodTreeSearch,0.2229166666666666,0.04,0.638757596218771,0,True,0,0.0,1.7281825999962166,1.69437480000488,0.0336529999913182,-1,not_random,not_binary,,,1.0,True,True,False,,,,,,,48.0,-1353.8930959766644,-1291.5098497262693,24.0,0.2229166666666666,0.04,0.0,0.0
a0_75_primary,star-seed-03-R1,3,300,16,star,0.4,symmetric_0.20,0.2,0.2,1,True,ProfileLikelihoodTreeSearch,0.2114583333333333,0.0733333333333333,0.6373704894605217,0,True,0,0.0,2.902669099988998,2.8689796999969985,0.0334589000121923,-1,not_random,not_binary,,,2.0,True,True,False,,,,,,,72.0,-1406.5722816992202,-1287.3509666429095,24.0,0.2114583333333333,0.0733333333333333,0.0,0.0
a0_75_primary,star-seed-04-R1,4,300,16,star,0.4,symmetric_0.20,0.2,0.2,1,True,ProfileLikelihoodTreeSearch,0.2229166666666666,0.06,0.6229739252995067,47,False,0,0.1333333333333333,4.459153999996488,4.426436699999613,0.0321756999910576,-1,not_random,not_binary,,,4.0,True,True,False,,,,,,,120.0,-1626.9930851172826,-1396.8682211713808,24.0,0.22375,0.0466666666666666,-0.0008333333333334081,0.013333333333333398
a0_75_primary,star-seed-05-R1,5,300,16,star,0.4,symmetric_0.20,0.2,0.2,1,True,ProfileLikelihoodTreeSearch,0.2183333333333333,0.0633333333333333,0.6191860465116279,24,False,0,0.0666666666666666,4.341213399995468,4.299467499993625,0.041557799995644,-1,not_random,not_binary,,,4.0,True,True,False,,,,,,,120.0,-1570.1550163113673,-1363.5971565045036,24.0,0.2220833333333333,0.05,-0.0037500000000000033,0.013333333333333294
a0_75_primary,star-seed-06-R1,6,300,16,star,0.4,symmetric_0.20,0.2,0.2,1,True,ProfileLikelihoodTreeSearch,0.2202083333333333,0.0466666666666666,0.6279479056670186,0,True,0,0.0,0.961322300005122,0.9149788000067928,0.0458545999863417,-1,not_random,not_binary,,,0.0,True,False,False,,,,,,,24.0,-1287.3509666429095,-1287.3509666429095,24.0,0.2202083333333333,0.0466666666666666,0.0,0.0
a0_75_primary,star-seed-07-R1,7,300,16,star,0.4,symmetric_0.20,0.2,0.2,1,True,ProfileLikelihoodTreeSearch,0.2175,0.0466666666666666,0.6453804347826088,0,True,0,0.0,0.9115816999983508,0.8633956999983639,0.0480283999931998,-1,not_random,not_binary,,,0.0,True,False,False,,,,,,,24.0,-1274.8743173928306,-1274.8743173928306,24.0,0.2175,0.0466666666666666,0.0,0.0
a0_75_primary,star-seed-08-R1,8,300,16,star,0.4,symmetric_0.20,0.2,0.2,1,True,ProfileLikelihoodTreeSearch,0.215625,0.0566666666666666,0.637478108581436,0,True,0,0.0,1.6274126000062097,1.596986400007154,0.030268700007582,-1,not_random,not_binary,,,1.0,True,True,False,,,,,,,48.0,-1353.8930959766644,-1273.4880230317108,24.0,0.215625,0.0566666666666666,0.0,0.0
a0_75_primary,star-seed-09-R1,9,300,16,star,0.4,symmetric_0.20,0.2,0.2,1,True,ProfileLikelihoodTreeSearch,0.2120833333333333,0.08,0.6377224199288256,47,False,0,0.1333333333333333,5.850944400008302,5.818805200004135,0.0320648000051733,-1,not_random,not_binary,,,5.0,True,True,False,,,,,,,144.0,-1608.9712584227243,-1435.684463282738,24.0,0.2191666666666666,0.0766666666666666,-0.007083333333333303,0.0033333333333333964
a0_75_primary,star-seed-10-R1,10,300,16,star,0.4,symmetric_0.20,0.2,0.2,1,True,ProfileLikelihoodTreeSearch,0.2266666666666666,0.0533333333333333,0.6413974950560316,0,True,0,0.0,2.675077399995644,2.634061999997357,0.0407144999917363,-1,not_random,not_binary,,,2.0,True,True,False,,,,,,,72.0,-1431.525580199378,-1288.7372610040295,24.0,0.2266666666666666,0.0533333333333333,0.0,0.0
a0_75_primary,star-seed-11-R1,11,300,16,star,0.4,symmetric_0.20,0.2,0.2,1,True,ProfileLikelihoodTreeSearch,0.214375,0.0733333333333333,0.6496424923391215,0,True,0,0.0,2.557048600006965,2.5290911000047345,0.0277535000059288,-1,not_random,not_binary,,,2.0,True,True,False,,,,,,,72.0,-1438.457052004978,-1294.282438448509,24.0,0.214375,0.0733333333333333,0.0,0.0
a0_75_primary,star-seed-12-R1,12,300,16,star,0.4,symmetric_0.20,0.2,0.2,1,True,ProfileLikelihoodTreeSearch,0.205,0.07,0.6588072122052705,0,True,0,0.0,3.678613600000972,3.6453468999970937,0.0325570999993942,-1,not_random,not_binary,,,3.0,True,True,False,,,,,,,96.0,-1477.273294116335,-1283.19208355955,24.0,0.205,0.07,0.0,0.0
a0_75_primary,star-seed-13-R1,13,300,16,star,0.4,symmetric_0.20,0.2,0.2,1,True,ProfileLikelihoodTreeSearch,0.221875,0.0533333333333333,0.6328852119958636,0,True,0,0.0,2.3620336999883875,2.306522999992012,0.0551175000000512,-1,not_random,not_binary,,,1.0,True,True,False,,,,,,,48.0,-1353.8930959766644,-1277.6469061150704,24.0,0.221875,0.0533333333333333,0.0,0.0
a0_75_primary,star-seed-14-R1,14,300,16,star,0.4,symmetric_0.20,0.2,0.2,1,True,ProfileLikelihoodTreeSearch,0.2079166666666666,0.08,0.652990264255911,0,True,0,0.0,0.8348537999991095,0.8049980000068899,0.0297251000010874,-1,not_random,not_binary,,,0.0,True,False,False,,,,,,,24.0,-1283.19208355955,-1283.19208355955,24.0,0.2079166666666666,0.08,0.0,0.0
a0_75_primary,star-seed-15-R1,15,300,16,star,0.4,symmetric_0.20,0.2,0.2,1,True,ProfileLikelihoodTreeSearch,0.2260416666666666,0.0666666666666666,0.633817077286534,0,True,0,0.0,2.8232572999986587,2.786475999993854,0.0366285000054631,-1,not_random,not_binary,,,2.0,True,True,False,,,,,,,72.0,-1413.5037535048195,-1276.2606117539503,24.0,0.2260416666666666,0.0666666666666666,0.0,0.0
a0_75_primary,star-seed-16-R1,16,300,16,star,0.4,symmetric_0.20,0.2,0.2,1,True,ProfileLikelihoodTreeSearch,0.2072916666666666,0.06,0.6555901696088612,0,True,0,0.0,2.5035742000036407,2.468041500003892,0.0353436000004876,-1,not_random,not_binary,,,2.0,True,True,False,,,,,,,72.0,-1419.0489309492991,-1276.2606117539503,24.0,0.2072916666666666,0.06,0.0,0.0
a0_75_primary,star-seed-17-R1,17,300,16,star,0.4,symmetric_0.20,0.2,0.2,1,True,ProfileLikelihoodTreeSearch,0.2172916666666666,0.0633333333333333,0.6300106420716567,0,True,0,0.0,2.718052199998056,2.6898015000042506,0.0281123000022489,-1,not_random,not_binary,,,2.0,True,True,False,,,,,,,72.0,-1420.4352253104191,-1284.57837792067,24.0,0.2172916666666666,0.0633333333333333,0.0,0.0
a0_75_primary,star-seed-18-R1,18,300,16,star,0.4,symmetric_0.20,0.2,0.2,1,True,ProfileLikelihoodTreeSearch,0.2177083333333333,0.0466666666666666,0.6444368832936372,30,False,0,0.0666666666666666,1.6480059000023175,1.6186485000071116,0.0291824000014457,-1,not_random,not_binary,,,1.0,True,True,False,,,,,,,48.0,-1413.5037535048195,-1344.189035448825,24.0,0.2216666666666666,0.0466666666666666,-0.003958333333333286,0.0
a0_75_primary,star-seed-19-R1,19,300,16,star,0.4,symmetric_0.20,0.2,0.2,1,True,ProfileLikelihoodTreeSearch,0.21125,0.0666666666666666,0.6520247083047357,0,True,0,0.0,2.867253000003984,2.838610199993127,0.0285666999989189,-1,not_random,not_binary,,,2.0,True,True,False,,,,,,,72.0,-1412.1174591436998,-1287.3509666429095,24.0,0.21125,0.0666666666666666,0.0,0.0
a0_75_primary,star-seed-20-R1,20,300,16,star,0.4,symmetric_0.20,0.2,0.2,1,True,ProfileLikelihoodTreeSearch,0.21375,0.0433333333333333,0.6566265060240964,0,True,0,0.0,1.6909560000058264,1.6527044999966165,0.0377127999963704,-1,not_random,not_binary,,,1.0,True,True,False,,,,,,,48.0,-1337.2575636432257,-1270.7154343094708,24.0,0.21375,0.0433333333333333,0.0,0.0
a0_75_primary,star-seed-21-R1,21,300,16,star,0.4,symmetric_0.20,0.2,0.2,1,True,ProfileLikelihoodTreeSearch,0.2047916666666666,0.0533333333333333,0.6493043168034249,48,False,0,0.1333333333333333,2.600038999997196,2.5694539999967674,0.0300109999952837,-1,not_random,not_binary,,,2.0,True,True,False,,,,,,,72.0,-1528.566185477771,-1388.5504550046614,24.0,0.213125,0.0466666666666666,-0.008333333333333415,0.006666666666666703
a0_75_primary,star-seed-22-R1,22,300,16,star,0.4,symmetric_0.20,0.2,0.2,1,True,ProfileLikelihoodTreeSearch,0.2141666666666666,0.0633333333333333,0.6593770709078861,0,True,0,0.0,1.7844562000100268,1.752896799996961,0.0309662999934516,-1,not_random,not_binary,,,1.0,True,True,False,,,,,,,48.0,-1341.4164467265855,-1284.57837792067,24.0,0.2141666666666666,0.0633333333333333,0.0,0.0
a0_75_primary,star-seed-23-R1,23,300,16,star,0.4,symmetric_0.20,0.2,0.2,1,True,ProfileLikelihoodTreeSearch,0.22,0.0433333333333333,0.6602316602316602,0,True,0,0.0,0.8779114999924786,0.8495653999998467,0.0281988999922759,-1,not_random,not_binary,,,0.0,True,False,False,,,,,,,24.0,-1277.6469061150704,-1277.6469061150704,24.0,0.22,0.0433333333333333,0.0,0.0
a0_75_primary,star-seed-24-R1,24,300,16,star,0.4,symmetric_0.20,0.2,0.2,1,True,ProfileLikelihoodTreeSearch,0.205,0.0633333333333333,0.6317365269461078,22,False,0,0.0666666666666666,3.453279299996211,3.4193369999993597,0.0337876999983564,-1,not_random,not_binary,,,3.0,True,True,False,,,,,,,96.0,-1462.024056144016,-1346.961624171065,24.0,0.211875,0.0433333333333333,-0.00687500000000002,0.019999999999999997
a0_75_primary,star-seed-25-R1,25,300,16,star,0.4,symmetric_0.20,0.2,0.2,1,True,ProfileLikelihoodTreeSearch,0.209375,0.0733333333333333,0.6429840142095915,29,False,0,0.0666666666666666,3.4179941000038525,3.37888479999674,0.0387199999968288,-1,not_random,not_binary,,,3.0,True,True,False,,,,,,,96.0,-1521.634713672171,-1358.051979060024,24.0,0.2120833333333333,0.0666666666666666,-0.002708333333333285,0.00666666666666671
a0_75_primary,star-seed-26-R1,26,300,16,star,0.4,symmetric_0.20,0.2,0.2,1,True,ProfileLikelihoodTreeSearch,0.2066666666666666,0.0433333333333333,0.6704318936877076,0,True,0,0.0,1.004060599996592,0.9677942999987864,0.0356233999918913,-1,not_random,not_binary,,,0.0,True,False,False,,,,,,,24.0,-1273.4880230317108,-1273.4880230317108,24.0,0.2066666666666666,0.0433333333333333,0.0,0.0
a0_75_primary,star-seed-27-R1,27,300,16,star,0.4,symmetric_0.20,0.2,0.2,1,True,ProfileLikelihoodTreeSearch,0.2222916666666666,0.0633333333333333,0.618519842688595,0,True,0,0.0,1.7246505000075558,1.6904168000037316,0.0338618999958271,-1,not_random,not_binary,,,1.0,True,True,False,,,,,,,48.0,-1345.575329809945,-1277.6469061150704,24.0,0.2222916666666666,0.0633333333333333,0.0,0.0
a0_75_primary,star-seed-28-R1,28,300,16,star,0.4,symmetric_0.20,0.2,0.2,1,True,ProfileLikelihoodTreeSearch,0.2135416666666666,0.0433333333333333,0.6563861884009387,0,True,0,0.0,0.8777598000015132,0.8404200000077253,0.03671219998796,-1,not_random,not_binary,,,0.0,True,False,False,,,,,,,24.0,-1259.6250794205116,-1259.6250794205116,24.0,0.2135416666666666,0.0433333333333333,0.0,0.0
a0_75_primary,star-seed-29-R1,29,300,16,star,0.4,symmetric_0.20,0.2,0.2,1,True,ProfileLikelihoodTreeSearch,0.2152083333333333,0.0733333333333333,0.6518368722615435,0,True,0,0.0,2.58968650001043,2.559894899997744,0.0296256000001449,-1,not_random,not_binary,,,2.0,True,True,False,,,,,,,72.0,-1395.481926810261,-1272.1017286705908,24.0,0.2152083333333333,0.0733333333333333,0.0,0.0
a0_75_primary,balanced-seed-00-R1,0,300,16,balanced,0.4,symmetric_0.20,0.2,0.2,1,True,ProfileLikelihoodTreeSearch,0.19375,0.0666666666666666,0.5259938837920489,73,False,0,0.4666666666666667,4.4630088999983855,4.432937899997341,0.0298628000018652,-1,not_random,not_binary,,,4.0,True,True,False,,,,,,,120.0,-1808.5976464239884,-1694.9215088121575,24.0,0.149375,0.1466666666666666,0.044375,-0.08000000000000002
a0_75_primary,balanced-seed-01-R1,1,300,16,balanced,0.4,symmetric_0.20,0.2,0.2,1,True,ProfileLikelihoodTreeSearch,0.1633333333333333,0.1233333333333333,0.5570621468926554,70,False,0,0.4666666666666667,3.5909477999957744,3.5608799000037834,0.0299010000017005,-1,not_random,not_binary,,,3.0,True,True,False,,,,,,,96.0,-1836.3235336463863,-1773.9402873959912,24.0,0.1375,0.1833333333333333,0.02583333333333329,-0.06
a0_75_primary,balanced-seed-02-R1,2,300,16,balanced,0.4,symmetric_0.20,0.2,0.2,1,True,ProfileLikelihoodTreeSearch,0.180625,0.1033333333333333,0.5496103896103897,110,False,0,0.5333333333333333,2.053763499992783,2.023291800011066,0.0302464000124018,-1,not_random,not_binary,,,1.0,True,True,False,,,,,,,48.0,-1887.6164250078225,-1789.18952536831,24.0,0.141875,0.1866666666666666,0.03875000000000001,-0.08333333333333329
a0_75_primary,balanced-seed-03-R1,3,300,16,balanced,0.4,symmetric_0.20,0.2,0.2,1,True,ProfileLikelihoodTreeSearch,0.1866666666666666,0.0833333333333333,0.5442522889114955,97,False,0,0.5333333333333333,5.11197459998948,5.082604700000957,0.0288742000120691,-1,not_random,not_binary,,,5.0,True,True,False,,,,,,,144.0,-1803.0524689795088,-1669.9682103119994,24.0,0.1302083333333333,0.2033333333333333,0.056458333333333305,-0.12000000000000001
a0_75_primary,balanced-seed-04-R1,4,300,16,balanced,0.4,symmetric_0.20,0.2,0.2,1,True,ProfileLikelihoodTreeSearch,0.1854166666666666,0.09,0.5050055617352613,91,False,0,0.4,3.441242200002307,3.40963149999152,0.031412199998158,-1,not_random,not_binary,,,3.0,True,True,False,,,,,,,96.0,-1803.0524689795088,-1726.806279117915,24.0,0.1435416666666666,0.18,0.041874999999999996,-0.09
a0_75_primary,balanced-seed-05-R1,5,300,16,balanced,0.4,symmetric_0.20,0.2,0.2,1,True,ProfileLikelihoodTreeSearch,0.165625,0.1033333333333333,0.5526167698368036,48,False,0,0.3333333333333333,4.690070299999206,4.660720500003663,0.0292655999946873,-1,not_random,not_binary,,,4.0,True,True,False,,,,,,,120.0,-1834.9372392852663,-1761.4636381459122,24.0,0.1375,0.15,0.028124999999999983,-0.04666666666666669
a0_75_primary,balanced-seed-06-R1,6,300,16,balanced,0.4,symmetric_0.20,0.2,0.2,1,True,ProfileLikelihoodTreeSearch,0.1883333333333333,0.1,0.548,98,False,0,0.5333333333333333,3.645744099994772,3.613417199987453,0.0321561000018846,-1,not_random,not_binary,,,3.0,True,True,False,,,,,,,96.0,-1773.9402873959914,-1710.1707467844765,24.0,0.1422916666666666,0.2133333333333333,0.0460416666666667,-0.11333333333333329
a0_75_primary,balanced-seed-07-R1,7,300,16,balanced,0.4,symmetric_0.20,0.2,0.2,1,True,ProfileLikelihoodTreeSearch,0.178125,0.1233333333333333,0.5395799676898223,60,False,0,0.4,4.911797799999476,4.878258799988544,0.0333454000065103,-1,not_random,not_binary,,,4.0,True,True,False,,,,,,,120.0,-1875.1397757577436,-1785.0306422849503,24.0,0.14125,0.21,0.03687500000000002,-0.0866666666666667
a0_75_primary,balanced-seed-08-R1,8,300,16,balanced,0.4,symmetric_0.20,0.2,0.2,1,True,ProfileLikelihoodTreeSearch,0.181875,0.0866666666666666,0.5237315875613747,89,False,0,0.4666666666666667,4.394541000001482,4.365647500002524,0.0286843000067165,-1,not_random,not_binary,,,4.0,True,True,False,,,,,,,120.0,-1822.4605900351876,-1707.3981580622367,24.0,0.1445833333333333,0.1433333333333333,0.037291666666666695,-0.05666666666666671
a0_75_primary,balanced-seed-09-R1,9,300,16,balanced,0.4,symmetric_0.20,0.2,0.2,1,True,ProfileLikelihoodTreeSearch,0.1860416666666666,0.08,0.5206655931293613,84,False,0,0.5333333333333333,3.987564999988536,3.961017800000264,0.026397800000268,-1,not_random,not_binary,,,3.0,True,True,False,,,,,,,96.0,-1746.2144001735933,-1664.42303286752,24.0,0.1341666666666666,0.2,0.051875000000000004,-0.12000000000000001
a0_75_primary,balanced-seed-10-R1,10,300,16,balanced,0.4,symmetric_0.20,0.2,0.2,1,True,ProfileLikelihoodTreeSearch,0.1814583333333333,0.0933333333333333,0.5437401781037192,95,False,0,0.5333333333333333,6.5562223000015365,6.521499599999515,0.0340648999990662,-1,not_random,not_binary,,,6.0,True,True,False,,,,,,,168.0,-1823.8468843963076,-1733.7377509235143,24.0,0.1377083333333333,0.1933333333333333,0.04375000000000001,-0.1
a0_75_primary,balanced-seed-11-R1,11,300,16,balanced,0.4,symmetric_0.20,0.2,0.2,1,True,ProfileLikelihoodTreeSearch,0.1945833333333333,0.11,0.5389930898321816,82,False,0,0.4,5.299363400001312,5.269884499997716,0.0293382999952882,-1,not_random,not_binary,,,5.0,True,True,False,,,,,,,144.0,-1771.1676986737516,-1633.9245569228824,24.0,0.1427083333333333,0.2033333333333333,0.051875000000000004,-0.09333333333333331
a0_75_primary,balanced-seed-12-R1,12,300,16,balanced,0.4,symmetric_0.20,0.2,0.2,1,True,ProfileLikelihoodTreeSearch,0.1852083333333333,0.0933333333333333,0.5228126677402039,81,False,0,0.4666666666666667,3.778569599991897,3.7457146999950055,0.0326847999967867,-1,not_random,not_binary,,,3.0,True,True,False,,,,,,,96.0,-1828.005767479667,-1744.8281058124735,24.0,0.149375,0.18,0.0358333333333333,-0.0866666666666667
a0_75_primary,balanced-seed-13-R1,13,300,16,balanced,0.4,symmetric_0.20,0.2,0.2,1,True,ProfileLikelihoodTreeSearch,0.1754166666666666,0.0833333333333333,0.5264341957255343,96,False,0,0.5333333333333333,3.9026467999938177,3.876275500006159,0.0262134999939007,-1,not_random,not_binary,,,3.0,True,True,False,,,,,,,96.0,-1905.6382517023808,-1822.4605900351876,24.0,0.1377083333333333,0.1766666666666666,0.037708333333333316,-0.09333333333333331
a0_75_primary,balanced-seed-14-R1,14,300,16,balanced,0.4,symmetric_0.20,0.2,0.2,1,True,ProfileLikelihoodTreeSearch,0.201875,0.0433333333333333,0.4918720503408495,114,False,0,0.6,7.38279390000389,7.354629800000112,0.0279998000041814,-1,not_random,not_binary,,,7.0,True,True,False,,,,,,,192.0,-1834.9372392852663,-1663.0367385064,24.0,0.1414583333333333,0.16,0.0604166666666667,-0.1166666666666667
a0_75_primary,balanced-seed-15-R1,15,300,16,balanced,0.4,symmetric_0.20,0.2,0.2,1,True,ProfileLikelihoodTreeSearch,0.183125,0.0566666666666666,0.549461814454126,70,False,0,0.4666666666666667,5.031557700000121,4.99921280000126,0.0322516000014729,-1,not_random,not_binary,,,5.0,True,True,False,,,,,,,144.0,-1828.0057674796667,-1663.0367385064,24.0,0.143125,0.1566666666666666,0.04000000000000001,-0.09999999999999999
a0_75_primary,balanced-seed-16-R1,16,300,16,balanced,0.4,symmetric_0.20,0.2,0.2,1,True,ProfileLikelihoodTreeSearch,0.16875,0.1333333333333333,0.5240893066980022,44,False,0,0.2666666666666667,3.4736052000080235,3.445825900009368,0.0275492999935522,-1,not_random,not_binary,,,3.0,True,True,False,,,,,,,96.0,-1876.5260701188631,-1768.3951099515116,24.0,0.1379166666666666,0.1966666666666666,0.030833333333333407,-0.0633333333333333
a0_75_primary,balanced-seed-17-R1,17,300,16,balanced,0.4,symmetric_0.20,0.2,0.2,1,True,ProfileLikelihoodTreeSearch,0.175625,0.1233333333333333,0.5523101433882103,75,False,0,0.4,5.224345299997367,5.184793200009153,0.0388473999919369,-1,not_random,not_binary,,,5.0,True,True,False,,,,,,,144.0,-1861.276832146544,-1717.1022185900756,24.0,0.1441666666666666,0.19,0.031458333333333394,-0.06666666666666671
a0_75_primary,balanced-seed-18-R1,18,300,16,balanced,0.4,symmetric_0.20,0.2,0.2,1,True,ProfileLikelihoodTreeSearch,0.1716666666666666,0.1266666666666666,0.5584137191854234,57,False,0,0.3333333333333333,7.46763070000452,7.42941989999963,0.0377311000047484,-1,not_random,not_binary,,,7.0,True,True,False,,,,,,,192.0,-1864.049420868784,-1754.5321663403126,24.0,0.1377083333333333,0.1966666666666666,0.03395833333333331,-0.07
a0_75_primary,balanced-seed-19-R1,19,300,16,balanced,0.4,symmetric_0.20,0.2,0.2,1,True,ProfileLikelihoodTreeSearch,0.1745833333333333,0.0966666666666666,0.5759109311740891,66,False,0,0.4666666666666667,6.865617199990084,6.83903139999893,0.0264464000065345,-1,not_random,not_binary,,,6.0,True,True,False,,,,,,,168.0,-1794.7347028127897,-1674.1270933953592,24.0,0.13625,0.19,0.0383333333333333,-0.09333333333333341
a0_75_primary,balanced-seed-20-R1,20,300,16,balanced,0.4,symmetric_0.20,0.2,0.2,1,True,ProfileLikelihoodTreeSearch,0.1795833333333333,0.0833333333333333,0.5472689075630253,85,False,0,0.5333333333333333,8.749259300006088,8.716924899999867,0.0316660000098636,-1,not_random,not_binary,,,8.0,True,True,False,,,,,,,216.0,-1843.2550054519857,-1685.2174482843184,24.0,0.1308333333333333,0.22,0.04874999999999999,-0.13666666666666671
a0_75_primary,balanced-seed-21-R1,21,300,16,balanced,0.4,symmetric_0.20,0.2,0.2,1,True,ProfileLikelihoodTreeSearch,0.1939583333333333,0.0833333333333333,0.5223191380194971,119,False,0,0.5333333333333333,3.430459900002461,3.399110099999234,0.0306423999863909,-1,not_random,not_binary,,,2.0,True,True,False,,,,,,,72.0,-1814.142823868468,-1765.622521229272,24.0,0.144375,0.18,0.049583333333333285,-0.09666666666666669
a0_75_primary,balanced-seed-22-R1,22,300,16,balanced,0.4,symmetric_0.20,0.2,0.2,1,True,ProfileLikelihoodTreeSearch,0.1735416666666666,0.1166666666666666,0.5364496382860323,63,False,0,0.4666666666666667,4.592656399996486,4.555141500008176,0.037377300002845,-1,not_random,not_binary,,,4.0,True,True,False,,,,,,,120.0,-1757.3047550625529,-1661.6504441452803,24.0,0.139375,0.2233333333333333,0.034166666666666595,-0.1066666666666667
a0_75_primary,balanced-seed-23-R1,23,300,16,balanced,0.4,symmetric_0.20,0.2,0.2,1,True,ProfileLikelihoodTreeSearch,0.1766666666666666,0.1,0.5159817351598174,53,False,0,0.3333333333333333,8.601459799989243,8.562456400002702,0.038920600010897,-1,not_random,not_binary,,,8.0,True,True,False,,,,,,,216.0,-1855.731654702065,-1732.3514565623946,24.0,0.1533333333333333,0.1466666666666666,0.023333333333333317,-0.046666666666666606
a0_75_primary,balanced-seed-24-R1,24,300,16,balanced,0.4,symmetric_0.20,0.2,0.2,1,True,ProfileLikelihoodTreeSearch,0.1704166666666666,0.0866666666666666,0.5435267857142857,92,False,0,0.4666666666666667,4.519874099991284,4.47627939999802,0.042504099998041,-1,not_random,not_binary,,,4.0,True,True,False,,,,,,,120.0,-1805.8250577017488,-1719.8748073123156,24.0,0.13625,0.1633333333333333,0.034166666666666595,-0.0766666666666667
a0_75_primary,balanced-seed-25-R1,25,300,16,balanced,0.4,symmetric_0.20,0.2,0.2,1,True,ProfileLikelihoodTreeSearch,0.1770833333333333,0.0966666666666666,0.532967032967033,97,False,0,0.4,5.229857400001492,5.201120400000946,0.0285450000083073,-1,not_random,not_binary,,,5.0,True,True,False,,,,,,,144.0,-1904.251957341261,-1790.57581972943,24.0,0.1470833333333333,0.1766666666666666,0.03,-0.08000000000000002
a0_75_primary,balanced-seed-26-R1,26,300,16,balanced,0.4,symmetric_0.20,0.2,0.2,1,True,ProfileLikelihoodTreeSearch,0.1933333333333333,0.0533333333333333,0.4867256637168141,75,False,0,0.5333333333333333,1.6368117999954848,1.6069874999957392,0.0295945999969262,-1,not_random,not_binary,,,1.0,True,True,False,,,,,,,48.0,-1744.8281058124735,-1714.329629867836,24.0,0.1460416666666666,0.17,0.047291666666666704,-0.11666666666666671
a0_75_primary,balanced-seed-27-R1,27,300,16,balanced,0.4,symmetric_0.20,0.2,0.2,1,True,ProfileLikelihoodTreeSearch,0.185625,0.08,0.5186385737439222,72,False,0,0.3333333333333333,5.245162500010338,5.210833000004641,0.0338060999929439,-1,not_random,not_binary,,,5.0,True,True,False,,,,,,,144.0,-1862.6631265076644,-1779.4854648404707,24.0,0.1510416666666666,0.1533333333333333,0.03458333333333341,-0.07333333333333329
a0_75_primary,balanced-seed-28-R1,28,300,16,balanced,0.4,symmetric_0.20,0.2,0.2,1,True,ProfileLikelihoodTreeSearch,0.1983333333333333,0.05,0.4803493449781659,129,False,0,0.6,4.899420100002317,4.868550500003039,0.0306472000083886,-1,not_random,not_binary,,,5.0,True,True,False,,,,,,,144.0,-1833.5509449241465,-1760.0773437847922,24.0,0.1458333333333333,0.1766666666666666,0.05250000000000002,-0.1266666666666666
a0_75_primary,balanced-seed-29-R1,29,300,16,balanced,0.4,symmetric_0.20,0.2,0.2,1,True,ProfileLikelihoodTreeSearch,0.165,0.1366666666666666,0.5614617940199336,54,False,0,0.2666666666666667,3.3775025000068126,3.342068500001915,0.0351474000053713,-1,not_random,not_binary,,,3.0,True,True,False,,,,,,,96.0,-1862.6631265076644,-1816.915412590708,24.0,0.139375,0.2,0.02562500000000001,-0.06333333333333341
